8418.0	85.655984
3461.0	85.000362
3588.0	84.822680
1327.0	87.967969
4057.0	88.955896
3948.0	88.495387
3817.0	89.099449
3421.0	88.957215
3189.0	88.735490
1044.0	90.644650
3037.0	89.221905
3272.0	90.842989
2798.0	90.180317
2466.0	90.134692
2714.0	90.213893
3882.0	91.856307
4046.0	92.866289
3633.0	93.702335
3128.0	93.581008
3153.0	92.743175
3458.0	93.475202
2074.0	94.891597
3691.0	94.662043
3923.0	94.752707
3887.0	94.858441
3827.0	94.697503
3518.0	94.112721
2232.0	95.605066
4173.0	95.441303
4452.0	95.761875
3530.0	95.148801
4226.0	95.154748
3715.0	94.937152
5721.0	96.136712
5107.0	95.512756
4043.0	95.734533
4388.0	95.230994
4590.0	95.500300
5105.0	95.041464
4086.0	96.410417
5161.0	95.759377
6811.0	96.000980
6780.0	95.772093
6980.0	95.878125
5567.0	95.392155
3066.0	96.694745
7693.0	96.203662
6088.0	95.955153
6287.0	95.962626
6344.0	95.879693
6752.0	95.519182
2993.0	96.523620
6539.0	95.833035
6837.0	95.685434
6564.0	95.900295
7553.0	95.916334
7506.0	95.875623
2647.0	96.514988
7144.0	96.481186
7813.0	96.297187
19885.0	97.210942
5854.0	96.799589
5785.0	95.966978
2693.0	96.324429
6271.0	97.025139
4373.0	96.829011
6038.0	95.611509
4590.0	95.617047
4078.0	95.238619
2864.0	95.534451
3490.0	95.868313
5203.0	95.571962
3211.0	95.638645
4676.0	95.649447
4832.0	95.421533
1732.0	95.657594
3822.0	95.702762
5751.0	96.081180
6388.0	95.616175
4854.0	95.785944
5294.0	95.403328
4353.0	95.872986
4630.0	96.180412
6346.0	95.844721
4094.0	96.061350
6277.0	95.794657
5052.0	95.718959
2331.0	96.091196
7905.0	96.138247
6612.0	96.283188
6429.0	95.720806
5217.0	95.963044
6557.0	95.686984
2484.0	95.898240
6845.0	96.147940
8053.0	96.126029
11895.0	95.352560
7730.0	95.357091
8529.0	95.042207
3834.0	95.518390
8340.0	95.837169
7441.0	95.897451
8145.0	95.753896
7751.0	95.913829
8381.0	95.148193
3613.0	95.670920
10287.0	96.260666
8886.0	95.855331
8561.0	96.114669
9605.0	96.524160
8018.0	95.730167
3745.0	96.159969
10917.0	96.362850
8958.0	96.847502
10238.0	96.599949
9882.0	96.535725
8705.0	95.728789
2705.0	95.936362
10901.0	96.902445
7373.0	96.994977
32767.0	97.611153
7333.0	96.818559
8387.0	95.979620
2671.0	96.285010
6595.0	97.005396
9341.0	97.090717
7860.0	97.099061
8551.0	97.085523
8562.0	96.000631
2536.0	96.201093
8631.0	97.263645
9017.0	97.203321
10953.0	97.282320
8289.0	97.408135
9288.0	96.061316
3984.0	96.350108
8369.0	97.165852
8892.0	97.418214
8596.0	97.160080
9287.0	97.449833
8592.0	96.237728
3042.0	96.411468
10896.0	97.568232
8301.0	97.447995
8420.0	97.692014
10948.0	97.552209
7685.0	96.267623
3552.0	96.394704
7709.0	97.679562
8219.0	97.865638
15095.0	97.239080
10463.0	97.630635
11580.0	95.830099
2788.0	96.128102
12150.0	97.876812
11819.0	98.039184
12264.0	97.790554
10334.0	97.639281
11581.0	95.733410
4103.0	96.019326
12872.0	97.910713
11469.0	97.832856
10876.0	97.801767
10929.0	97.655229
10730.0	95.811645
3375.0	96.181003
10948.0	98.052439
11056.0	98.099133
10628.0	97.810373
7590.0	97.406799
7495.0	95.398173
6018.0	95.773887
10503.0	97.754472
7574.0	97.138382
10380.0	97.647638
6586.0	96.871041
7009.0	95.566975
5669.0	95.874837
9735.0	97.517531
6863.0	97.513630
34762.0	98.121441
4987.0	96.964483
4251.0	95.907125
3631.0	96.151222
7827.0	97.214033
5484.0	97.247277
7721.0	97.078319
5457.0	96.925884
6603.0	95.906654
2767.0	96.386190
8741.0	97.373923
6401.0	96.997509
6388.0	97.176739
6104.0	96.370604
6451.0	95.046080
3926.0	95.713694
7518.0	96.852271
6349.0	96.006656
6616.0	96.323215
5745.0	95.150118
5222.0	92.853670
3683.0	94.275272
6764.0	95.166696
5755.0	94.905082
6254.0	94.331013
5451.0	94.954157
5373.0	94.371665
2868.0	95.358869
5369.0	95.533950
4401.0	95.449481
5806.0	95.125172
4097.0	95.300439
4012.0	95.010307
1079.0	95.116103
4967.0	95.275494
3433.0	95.501535
4037.0	95.307463
4173.0	95.029980
2807.0	94.911881
2475.0	95.153134
4362.0	95.497447
3735.0	95.418216
4848.0	95.520920
4153.0	95.423732
3985.0	95.108747
1836.0	95.372143
4519.0	95.495112
2785.0	95.281163
2430.0	95.622408
3981.0	95.281117
3954.0	95.132176
182.0	95.167426
2606.0	95.613646
3948.0	95.444600
1841.0	95.542937
3899.0	95.760589
3257.0	95.652105
2585.0	95.905105
2521.0	95.771556
2724.0	95.829088
21801.0	95.833106
3463.0	95.087678
3729.0	95.102394
1562.0	95.295018
4595.0	95.535052
5220.0	95.544442
5172.0	95.626110
4996.0	95.497134
4660.0	94.938619
3419.0	95.632667
5146.0	95.679098
5059.0	95.953622
5731.0	95.688363
5196.0	95.676274
4222.0	94.914667
3364.0	95.633198
4448.0	95.422607
5965.0	95.512956
7239.0	95.617813
6531.0	95.340385
5884.0	95.130053
2728.0	95.583854
5997.0	95.804088
6681.0	95.796251
6837.0	95.536554
6237.0	95.653210
6850.0	95.123655
2919.0	95.733803
6695.0	95.758144
7976.0	95.977301
7256.0	96.017886
7898.0	96.084583
6838.0	95.632140
2441.0	95.992368
7542.0	96.363086
6620.0	96.626018
11853.0	95.509847
6739.0	95.941084
7251.0	95.525171
2362.0	95.709926
6842.0	96.616538
7461.0	96.685153
7378.0	96.260827
7547.0	96.381785
7548.0	95.433049
2532.0	95.830015
6985.0	96.187411
7476.0	95.755544
7426.0	95.792329
6981.0	95.788802
7044.0	95.261824
2286.0	95.785852
7343.0	95.900158
7368.0	95.891968
8354.0	95.753159
9734.0	95.990651
11871.0	92.099069
5157.0	93.372589
12960.0	89.136724
13938.0	87.361689
47747.0	96.025987
13111.0	90.771622
13709.0	88.721231
1313.0	89.015384
13249.0	92.221059
13157.0	93.458834
13200.0	94.506835
12152.0	95.250682
18692.0	92.909749
2809.0	93.256534
17310.0	99.560103
15172.0	99.565259
12276.0	96.281672
6213.0	91.878767
6801.0	82.642470
1239.0	84.104582
8276.0	90.913795
9243.0	91.925167
13027.0	94.101771
18438.0	96.449875
15122.0	91.869800
2573.0	92.423521
17802.0	95.037052
14846.0	93.929057
13116.0	92.706910
11629.0	90.986087
10248.0	83.992612
2052.0	85.342740
14862.0	91.156214
14638.0	91.673923
14725.0	90.857801
13225.0	90.772899
12628.0	85.767590
2130.0	87.056165
15063.0	91.341270
13945.0	90.323396
14793.0	91.089297
13856.0	90.695903
12300.0	84.248933
1892.0	85.495404
16208.0	91.613951
15498.0	92.700996
13807.0	91.418559
13383.0	90.894409
11826.0	84.600229
1594.0	85.832132
17818.0	94.199121
17205.0	94.581034
16748.0	94.496388
15714.0	94.341554
13012.0	88.487933
1708.0	89.383816
16857.0	94.721016
16182.0	95.303148
14604.0	94.142971
12741.0	93.414666
10646.0	86.968923
1412.0	87.910262
12181.0	92.894447
11566.0	94.155025
19180.0	97.297370
9415.0	95.330851
9066.0	92.572528
2375.0	93.763528
11399.0	96.733512
12326.0	96.800858
12679.0	96.776404
13050.0	97.101044
11431.0	90.423012
1684.0	91.178714
11519.0	95.657900
11845.0	95.153518
10873.0	94.219393
11932.0	94.053560
11617.0	88.604344
2041.0	89.798968
12368.0	95.352891
10576.0	93.958995
10696.0	93.995573
10073.0	93.888223
10392.0	88.573174
2785.0	90.661462
10515.0	94.802686
11146.0	94.670090
10704.0	94.393332
12110.0	95.044943
13038.0	89.592782
3125.0	91.085260
14672.0	95.566931
13977.0	95.107608
14848.0	94.188128
13744.0	93.927750
13505.0	89.120034
2291.0	90.117933
14086.0	93.995566
12893.0	93.893177
12299.0	93.018034
10374.0	91.325105
9886.0	87.105924
2764.0	89.114431
11880.0	92.728245
10725.0	93.312263
11585.0	92.739856
10712.0	92.278465
12386.0	88.414579
1882.0	89.336750
12105.0	92.853004
11753.0	91.483542
12188.0	91.941883
12272.0	92.130762
12060.0	88.545982
2596.0	90.107456
14235.0	92.831806
13443.0	92.429990
12802.0	92.282458
12138.0	91.798663
11645.0	86.898364
2515.0	88.623033
11300.0	90.944149
10829.0	90.956847
31061.0	100.000000
10316.0	93.498672
10349.0	86.599927
1293.0	87.569561
9672.0	92.666336
9794.0	90.964470
9296.0	91.414735
9926.0	92.445141
10879.0	86.693509
2629.0	88.615314
11242.0	92.889328
11711.0	92.496479
11186.0	91.068720
12918.0	90.985575
13908.0	83.911188
2137.0	85.655092
14254.0	90.635318
14341.0	89.164810
15063.0	88.829855
14480.0	88.497756
15121.0	81.536419
2939.0	84.126456
16442.0	90.946337
15913.0	89.881699
16243.0	89.556536
16691.0	88.847993
16581.0	79.873733
2269.0	81.933563
18146.0	89.881047
16523.0	88.190722
16166.0	86.982499
16081.0	84.892522
15090.0	70.807881
3223.0	75.795416
18103.0	86.357432
16387.0	84.186703
16933.0	83.010049
15616.0	81.845131
14170.0	69.077898
2490.0	73.143484
17878.0	85.518481
16837.0	80.523416
14615.0	80.605365
13172.0	78.503258
12781.0	62.584207
2577.0	67.880746
15123.0	85.099143
15206.0	78.205747
13525.0	78.584148
13363.0	76.010769
11138.0	55.551151
1575.0	59.061683
19318.0	85.740944
18075.0	85.271116
15360.0	76.468205
11098.0	64.594375
9754.0	44.042226
2136.0	50.266502
15582.0	74.336579
16858.0	73.325767
18966.0	82.916756
10099.0	65.248138
7900.0	58.355443
2200.0	65.157574
9963.0	72.184756
10517.0	77.051428
10072.0	76.700664
9401.0	75.853565
9245.0	71.967611
2720.0	76.984009
11016.0	82.223257
11408.0	83.304295
9886.0	80.934345
9886.0	80.125673
9641.0	77.702916
2592.0	81.648761
10630.0	83.653240
9863.0	83.553611
9796.0	83.732703
8287.0	83.400653
8386.0	79.239879
3488.0	83.930481
8710.0	84.752514
8264.0	84.370784
7772.0	84.853840
8304.0	84.597387
7535.0	84.528062
2610.0	86.931426
7427.0	88.185565
7350.0	87.827508
6305.0	88.170406
5359.0	88.375049
4712.0	88.875273
2668.0	90.442927
5389.0	89.735179
5347.0	89.988451
4471.0	90.778129
4658.0	90.495537
4601.0	89.791446
1449.0	90.542436
5056.0	91.351554
4113.0	90.349054
4180.0	90.493950
4029.0	90.740667
4435.0	89.579275
1354.0	90.422233
5420.0	90.951494
4196.0	90.458788
4950.0	90.189889
3925.0	89.581765
4705.0	89.717206
1554.0	90.740269
5070.0	90.393743
4336.0	90.100058
4820.0	89.982610
4535.0	89.273347
4361.0	89.347992
1237.0	90.425471
5147.0	90.234087
4650.0	89.237720
18532.0	91.922286
2881.0	88.444542
3636.0	87.122830
2169.0	89.793051
4662.0	90.833771
4378.0	89.535264
4415.0	89.701450
4822.0	89.208510
4526.0	89.024105
1087.0	90.023069
4897.0	89.461914
4935.0	88.982850
4433.0	89.695336
5313.0	89.471340
4608.0	87.115386
2034.0	89.282652
5159.0	89.455900
5456.0	89.301564
5336.0	89.365317
5882.0	89.145950
5193.0	86.861346
1453.0	88.691407
5528.0	89.640145
5325.0	87.923496
5478.0	88.121045
5488.0	87.990799
5395.0	86.408374
2325.0	89.371354
5739.0	88.295821
5577.0	88.132983
5859.0	87.565526
5752.0	87.522448
6244.0	85.805955
1170.0	87.562527
6905.0	88.984618
6766.0	87.606445
6275.0	86.657475
6267.0	86.264604
6339.0	84.102903
2176.0	87.409172
7196.0	87.418315
7326.0	87.391472
7605.0	85.660108
7054.0	84.906062
6647.0	82.854362
1783.0	86.141362
6995.0	86.561368
6612.0	85.063077
6807.0	84.647861
6463.0	85.151928
6078.0	81.548804
2131.0	86.019529
6679.0	85.358875
6720.0	85.770928
6738.0	84.678066
6319.0	85.691010
6816.0	83.266915
2410.0	86.999948
7205.0	88.129592
