8418.0	85.655984
3168.0	84.127098
3888.0	85.586269
676.0	87.094147
3828.0	88.530625
3794.0	88.202730
3577.0	88.424345
3418.0	89.595441
3077.0	88.308560
910.0	89.914619
3021.0	89.103443
2863.0	89.550789
2340.0	88.730054
2363.0	89.740890
2482.0	89.293610
2032.0	91.978553
3051.0	92.138680
2732.0	92.415023
4481.0	93.409509
3229.0	93.557786
2845.0	93.173284
3326.0	94.137443
3708.0	94.603077
3707.0	94.129283
3499.0	94.117521
3430.0	93.976557
3397.0	93.876991
1760.0	95.488444
4102.0	95.331121
4309.0	95.364581
3865.0	95.561226
3763.0	95.019162
3551.0	94.813204
3433.0	96.096609
3781.0	95.635781
3445.0	95.500374
4024.0	95.702185
3879.0	95.951061
4092.0	95.369115
5096.0	96.100204
4917.0	95.762472
5528.0	95.807131
5912.0	96.067006
5558.0	95.514475
6218.0	95.158423
3313.0	96.607708
6972.0	95.410174
5843.0	95.539482
6413.0	95.545373
6102.0	95.464056
6608.0	95.445914
3140.0	96.438084
6760.0	96.016703
7054.0	95.859886
6408.0	95.779230
7787.0	96.105910
6284.0	95.439594
2894.0	96.227741
7233.0	96.424165
8772.0	96.757291
18818.0	97.105542
5371.0	96.463768
4810.0	95.555332
3128.0	96.322009
5630.0	96.790776
6213.0	96.820017
5526.0	95.778340
4482.0	95.752837
4019.0	95.160555
594.0	95.222466
3476.0	95.712531
4804.0	95.452391
3387.0	95.758571
3152.0	95.778387
5009.0	95.363791
2417.0	95.433816
3106.0	95.660278
4683.0	95.947310
6514.0	95.904545
4819.0	95.690339
5340.0	95.478509
2266.0	95.517800
4688.0	95.788914
5145.0	95.586533
4807.0	95.896558
6269.0	95.715712
5031.0	95.671906
2476.0	96.019932
6098.0	95.797049
5262.0	95.790522
6530.0	95.834792
5285.0	95.954322
6601.0	95.693031
2575.0	95.812562
6960.0	96.209988
6069.0	95.892437
11754.0	95.355219
7201.0	95.496259
8797.0	95.135395
3593.0	95.649662
8438.0	95.768884
7458.0	95.688902
8088.0	95.838497
7633.0	95.901231
8378.0	95.175320
3410.0	95.601983
7735.0	96.041627
9061.0	95.659054
8493.0	96.149604
8113.0	96.473764
8655.0	95.521559
3845.0	96.083682
10885.0	96.247110
7792.0	96.561154
10482.0	96.609272
9825.0	96.489488
8856.0	95.774150
2622.0	95.980793
9281.0	96.845884
7637.0	96.878904
28354.0	97.387602
7372.0	96.715633
7451.0	95.663303
1784.0	96.168986
6776.0	97.027085
8523.0	96.948536
7400.0	97.119989
7908.0	97.054243
7850.0	95.918104
947.0	96.003009
8919.0	97.124395
8442.0	97.064048
11160.0	97.144423
7808.0	97.397454
9455.0	96.005430
1012.0	96.133113
8689.0	97.257684
8058.0	97.301980
7982.0	97.102904
8515.0	97.315966
7861.0	96.275959
3351.0	96.413591
11307.0	97.660424
7713.0	97.444765
7654.0	97.551489
10064.0	97.580145
7713.0	96.176445
1053.0	96.234142
8125.0	97.570522
8398.0	97.855283
14649.0	97.195479
10206.0	97.494621
10644.0	95.668537
3542.0	96.091141
12213.0	97.917636
9760.0	97.757969
11461.0	97.527900
10592.0	97.412034
11775.0	95.783890
3378.0	96.073948
10544.0	97.768853
11249.0	97.743075
10809.0	97.905493
10970.0	97.640220
10927.0	95.696022
3415.0	96.059480
11069.0	98.015020
10958.0	97.987422
9342.0	97.862076
7588.0	97.523814
7515.0	95.343893
5770.0	95.635025
6584.0	97.757675
6983.0	97.166819
6238.0	97.625644
6974.0	97.111568
7058.0	95.446400
706.0	95.454493
6327.0	97.347739
6352.0	97.491706
24760.0	97.897213
4399.0	96.715414
4373.0	95.639459
1481.0	95.915834
5646.0	96.887681
4650.0	96.687281
5323.0	96.691001
5185.0	96.592991
5315.0	95.397742
3906.0	95.832274
6346.0	96.849861
5304.0	96.725909
6590.0	96.943131
5869.0	96.097082
7205.0	95.294220
4167.0	95.864056
5992.0	96.171561
6393.0	95.729650
5422.0	94.999408
5754.0	94.377221
5467.0	93.010793
4131.0	94.278554
6674.0	95.129953
5885.0	94.701025
4847.0	93.927219
5785.0	94.783308
5295.0	94.488746
2919.0	95.239018
5259.0	95.316321
4088.0	95.538430
5706.0	95.227240
4203.0	95.203002
4144.0	95.119824
1022.0	95.234896
4990.0	95.194522
2814.0	95.277930
3603.0	95.187282
4308.0	95.057716
2351.0	94.777822
501.0	94.853021
4364.0	95.494915
3906.0	95.509239
4427.0	95.310826
3813.0	95.010494
3709.0	95.237807
598.0	95.368310
4683.0	95.445063
2834.0	95.380541
2389.0	95.756680
4004.0	95.240706
2555.0	95.035817
2389.0	95.238670
2681.0	95.547515
4032.0	95.367172
1888.0	95.483291
3935.0	95.698811
3180.0	95.473273
123.0	95.440544
2680.0	95.586560
2683.0	95.726916
21850.0	95.833199
3281.0	94.901172
4046.0	94.974184
1598.0	95.001131
4649.0	95.411373
4530.0	95.254744
5170.0	95.516908
4995.0	95.379010
4498.0	94.947446
1689.0	95.191190
5230.0	95.669803
5100.0	95.972725
5733.0	95.735593
5251.0	95.780023
5198.0	95.084358
2651.0	95.529350
4552.0	95.620260
5973.0	95.615952
7278.0	95.532497
6482.0	95.362503
5804.0	95.033033
2724.0	95.491571
6002.0	95.751291
6755.0	95.812056
6832.0	95.800516
6269.0	96.013528
5988.0	94.869276
2110.0	95.456238
6802.0	95.951310
6763.0	95.713927
6399.0	95.598391
6996.0	95.744871
6167.0	95.248043
1876.0	95.500339
7626.0	96.195935
6591.0	96.705050
11899.0	95.775655
6734.0	95.977721
7390.0	95.597061
2235.0	95.657319
6776.0	96.871182
6326.0	96.559089
6400.0	96.072338
6622.0	96.287288
6641.0	95.141706
2126.0	95.471940
7160.0	96.153980
7467.0	95.810365
6578.0	95.880076
6249.0	95.552888
6281.0	95.164389
4086.0	95.900385
7378.0	95.857364
7321.0	96.192951
7321.0	95.711582
8784.0	95.920963
10588.0	91.920996
5331.0	93.443370
14448.0	90.254890
14238.0	88.134842
45300.0	95.796965
12226.0	89.970787
13091.0	88.162122
1643.0	88.784890
13793.0	92.303493
13680.0	93.716911
13033.0	94.737325
11730.0	95.153117
13149.0	90.906660
2415.0	91.712907
15417.0	98.510275
12517.0	97.833405
10930.0	94.935550
5297.0	89.354426
5925.0	80.378869
778.0	81.523827
6524.0	87.574078
8816.0	90.956057
11371.0	92.258001
13558.0	93.621499
15138.0	90.934894
2729.0	91.468327
18024.0	95.083492
15411.0	94.139050
14017.0	93.430677
12991.0	92.233672
10626.0	84.596151
1538.0	85.600287
13213.0	90.284238
12209.0	89.246220
11872.0	87.861002
10838.0	87.908041
11711.0	83.901473
1683.0	85.125916
18427.0	92.968083
17684.0	92.863779
15816.0	92.468153
13878.0	90.992942
12250.0	84.884366
1052.0	85.445774
14515.0	90.549813
13362.0	90.785624
13078.0	90.057096
11564.0	88.863955
9273.0	79.850279
1384.0	81.484561
11014.0	87.914763
15130.0	92.331522
15992.0	93.660169
14767.0	93.242857
13126.0	88.615123
1171.0	89.153241
15624.0	93.778982
15280.0	94.620111
13909.0	93.251344
12069.0	92.732965
10569.0	86.949929
1355.0	88.068276
11811.0	93.113394
11098.0	93.783127
18086.0	97.448289
8991.0	95.142838
8406.0	92.079670
2107.0	93.290624
11300.0	96.915470
11829.0	96.427731
13793.0	97.152420
11952.0	96.214813
11317.0	89.803534
2136.0	91.108475
11236.0	95.706649
11920.0	95.179679
11702.0	94.967432
11666.0	93.793495
11537.0	88.749817
1849.0	89.729550
11198.0	94.001158
9902.0	93.678743
9829.0	93.145445
9691.0	93.303769
10207.0	88.435699
2853.0	90.584085
11799.0	95.631342
11248.0	95.162449
12429.0	95.922529
11625.0	94.618685
11985.0	88.808078
2296.0	90.265215
14129.0	94.803701
12897.0	93.949554
14094.0	93.026298
12511.0	92.297365
11747.0	87.244480
2548.0	88.748626
12628.0	92.380239
11810.0	92.444617
10047.0	90.179343
9725.0	89.900679
10037.0	86.860397
2849.0	88.780212
11667.0	92.163191
9987.0	91.917134
9467.0	90.715324
11591.0	92.627232
10793.0	86.709728
2667.0	88.558659
12313.0	92.772986
12202.0	91.475841
11448.0	91.375181
11693.0	91.827406
11616.0	87.979542
3047.0	89.823720
14613.0	92.713368
13808.0	92.628972
12747.0	92.361124
11887.0	91.287036
10841.0	86.158505
1840.0	87.438952
11479.0	91.160331
10573.0	90.892706
28573.0	99.086243
9608.0	92.322827
9708.0	85.516827
1558.0	86.884890
8959.0	91.422688
9900.0	90.690425
8769.0	90.735504
8577.0	90.544755
8904.0	84.169745
2970.0	87.138419
9526.0	90.261342
9663.0	89.362697
9704.0	88.259353
11364.0	88.612206
13230.0	82.512430
2203.0	84.546520
13484.0	89.193388
12716.0	86.064053
13492.0	86.186550
14202.0	87.867016
13933.0	79.436608
2642.0	82.385386
15374.0	89.326202
14691.0	88.679046
15063.0	87.699331
15387.0	87.058660
15991.0	78.698103
2012.0	80.615499
17386.0	88.886568
16560.0	87.587064
16479.0	87.712131
16152.0	85.826658
14322.0	70.557129
2695.0	74.620944
17395.0	85.001765
16454.0	83.694771
15531.0	80.333446
13654.0	77.124865
13625.0	67.261315
2235.0	71.214966
16210.0	82.286808
15349.0	77.561924
14415.0	80.101385
13228.0	79.106858
12270.0	60.534416
2217.0	65.366668
15412.0	85.741981
15567.0	78.603578
12233.0	74.503459
11940.0	71.014329
9602.0	48.516967
1444.0	52.325702
14322.0	74.407337
16051.0	81.013543
14778.0	74.426584
10737.0	63.594936
9097.0	42.383679
1807.0	48.037066
13459.0	70.000479
13431.0	65.399891
17326.0	79.670481
8512.0	59.085664
6237.0	50.436208
1500.0	56.653308
7903.0	64.987110
8828.0	71.119755
9112.0	73.124578
8608.0	73.648493
10003.0	73.623898
2784.0	78.457188
10769.0	81.495814
11024.0	82.375603
10535.0	82.588179
10100.0	81.586099
9433.0	77.172605
1999.0	80.716933
9536.0	81.371447
9028.0	82.238288
8882.0	81.997251
8054.0	82.221289
8425.0	79.231865
3622.0	84.207557
8892.0	84.934543
8563.0	85.367888
8175.0	85.370414
8170.0	84.266749
6898.0	83.975809
2697.0	86.572104
6755.0	87.326629
6744.0	87.007016
5793.0	87.020822
4814.0	87.110176
4573.0	88.153919
1983.0	89.439610
5920.0	89.604102
5435.0	89.853396
4582.0	90.520320
3561.0	88.973559
3779.0	88.364361
2814.0	90.395398
3958.0	90.240171
4407.0	89.811569
4376.0	90.007491
4129.0	90.640090
3321.0	88.494783
1895.0	89.957882
4576.0	89.756508
4468.0	90.129854
3921.0	88.938629
3601.0	89.358387
4075.0	88.400220
2349.0	90.476171
4913.0	90.208436
4475.0	90.453069
5058.0	90.142628
4052.0	88.796977
3944.0	88.673007
1533.0	89.923767
4728.0	89.513019
4143.0	88.669484
16880.0	90.886604
2483.0	87.118230
3481.0	86.098114
1629.0	88.391219
4132.0	89.614687
4593.0	89.413950
4554.0	89.678455
4861.0	89.528569
4455.0	88.506949
1055.0	89.289765
4935.0	89.632177
4962.0	88.910840
4469.0	89.748151
4380.0	87.955934
4533.0	86.635613
2032.0	88.840507
5221.0	89.549791
4602.0	87.622225
4604.0	88.089714
5182.0	87.285389
5254.0	86.431736
1189.0	87.997698
5170.0	88.135494
5332.0	87.858692
5452.0	87.704210
5090.0	86.789707
4975.0	85.682272
1757.0	88.294919
5542.0	88.198726
5528.0	87.576995
5927.0	87.709504
5491.0	86.599946
5940.0	84.881774
1720.0	87.486896
6247.0	87.706431
6284.0	86.395519
6193.0	86.445330
6267.0	86.079241
6286.0	83.840938
2368.0	87.608027
7351.0	87.263129
6921.0	86.593675
7062.0	84.623015
6806.0	84.582597
6527.0	82.159448
1407.0	84.659275
6776.0	85.661358
6538.0	84.936598
6583.0	84.189222
6211.0	83.907522
5805.0	81.515970
1665.0	85.025099
6688.0	84.769828
6237.0	84.811182
6309.0	83.907948
6046.0	84.672226
6463.0	82.119157
1684.0	85.242438
6536.0	86.322695
