8418.0	85.655984
3168.0	84.127098
3718.0	84.736099
1242.0	87.927059
4010.0	89.103949
3900.0	88.685734
3776.0	89.392254
3402.0	89.141286
3090.0	88.315093
866.0	90.509797
3011.0	89.415619
3039.0	90.262878
2827.0	91.014770
2454.0	90.057300
2472.0	89.175080
3936.0	91.335137
4020.0	92.588502
3087.0	93.598697
3382.0	94.399159
3254.0	93.340447
2916.0	92.460031
2425.0	94.479596
3726.0	94.737142
3963.0	94.457500
3945.0	94.965395
3818.0	94.743620
3508.0	94.272069
2569.0	95.849809
4119.0	95.325829
3924.0	95.279749
3715.0	95.464322
4337.0	95.324132
3529.0	94.856379
4659.0	96.066927
5565.0	95.402606
3993.0	95.610595
5320.0	95.669984
4885.0	95.868732
5516.0	95.708509
3849.0	96.650148
4981.0	96.019433
6700.0	95.865837
6524.0	95.873159
5566.0	95.194927
5696.0	94.866262
3077.0	96.436515
7646.0	96.105992
6452.0	96.176773
6658.0	96.042005
6579.0	96.012475
6819.0	95.744424
2830.0	96.578063
6454.0	95.629000
6898.0	95.911815
6446.0	95.682771
7537.0	96.244906
6464.0	95.541595
3317.0	96.380304
7790.0	96.581572
8085.0	96.585300
19885.0	97.210942
5146.0	96.292553
5004.0	95.699379
2920.0	96.329097
5958.0	96.781498
6699.0	96.955409
5403.0	95.544633
4538.0	95.362290
4045.0	95.037839
2776.0	95.201399
3477.0	95.622057
5208.0	95.479532
3192.0	95.427779
3189.0	95.683657
4931.0	95.390485
2128.0	95.616437
3826.0	95.909499
4700.0	95.816916
6411.0	95.850838
4930.0	95.871013
5287.0	95.416295
2293.0	95.521151
4748.0	95.692543
6358.0	95.702468
4131.0	95.803784
6260.0	95.695619
5064.0	95.467742
2591.0	95.963075
6784.0	95.974543
5843.0	96.142555
6548.0	95.751751
5242.0	96.018488
6539.0	95.857902
2496.0	96.118260
6897.0	96.249914
8051.0	96.281348
11798.0	95.381177
7778.0	95.549850
7599.0	95.035718
4681.0	95.685449
8339.0	95.646766
7508.0	95.740811
8126.0	95.944346
7564.0	95.966919
8263.0	95.132628
3549.0	95.601083
10209.0	96.170958
8910.0	95.818289
8421.0	96.049319
9520.0	96.643324
8065.0	95.872922
3695.0	96.228171
10788.0	96.620092
8996.0	96.849802
10321.0	96.682915
9793.0	96.593400
8781.0	95.818072
2758.0	95.940535
10784.0	97.121924
7400.0	97.069592
32767.0	97.611153
7333.0	96.818559
8387.0	95.979620
606.0	96.070894
6678.0	97.036473
9393.0	97.049274
7919.0	97.175903
8455.0	97.081708
8307.0	95.955612
3093.0	96.339031
8611.0	97.258239
9099.0	97.101032
11045.0	97.087188
8109.0	97.471234
9289.0	96.029092
3974.0	96.308026
8286.0	97.361119
8931.0	97.279246
8688.0	97.179451
9309.0	97.263403
8399.0	96.336110
3074.0	96.466589
11004.0	97.504593
8521.0	97.365656
8361.0	97.623784
10922.0	97.626912
7803.0	96.269274
3403.0	96.528644
7777.0	97.681430
8121.0	97.844263
15159.0	97.280379
10604.0	97.612218
11661.0	95.846944
2374.0	96.083351
12030.0	97.940045
11653.0	98.113326
12578.0	97.624465
10375.0	97.597277
11746.0	95.629498
3255.0	96.059051
12995.0	97.981023
11012.0	97.808819
10812.0	97.873216
11085.0	97.729879
10726.0	95.810546
3358.0	96.070566
10866.0	97.813408
10919.0	97.998002
9175.0	97.647422
7519.0	97.537675
7532.0	95.410531
6010.0	95.661639
10560.0	97.747359
11052.0	97.433253
6068.0	97.551776
6918.0	97.053996
7071.0	95.509461
5561.0	95.741868
9890.0	97.567011
6316.0	97.247348
24760.0	97.897213
4399.0	96.715414
4435.0	95.753271
4296.0	96.030614
6166.0	97.072600
4844.0	96.725372
5747.0	96.854626
5659.0	96.746610
5192.0	95.820678
4768.0	96.212327
8454.0	97.147624
5474.0	96.861348
6760.0	97.173026
6080.0	96.307624
6870.0	95.376695
4051.0	96.011471
7046.0	96.450780
6356.0	95.662446
5780.0	95.686094
5953.0	95.061962
5392.0	93.250043
4815.0	94.518002
6798.0	95.376717
5702.0	94.749458
6172.0	94.224547
5293.0	94.756117
5431.0	94.667240
2713.0	95.268670
5311.0	95.541471
4268.0	95.526846
5823.0	95.164137
4036.0	95.276169
4102.0	95.041959
933.0	95.203149
4927.0	95.119619
3316.0	95.308467
4071.0	95.025998
4211.0	94.819382
2671.0	94.783876
2236.0	95.022123
4269.0	95.455072
3757.0	95.390657
4826.0	95.405527
4061.0	95.364349
4022.0	95.339941
1669.0	95.465550
4481.0	95.481130
2689.0	95.338470
2326.0	95.862459
4059.0	95.221579
4052.0	95.331249
173.0	95.352210
2609.0	95.557433
3988.0	95.610375
1813.0	95.549560
4011.0	95.853414
3205.0	95.518542
2510.0	96.077838
2498.0	95.938746
2683.0	95.799374
21801.0	95.833106
3463.0	95.087678
3729.0	95.102394
1562.0	95.295018
4595.0	95.535052
5220.0	95.544442
5172.0	95.626110
4996.0	95.497134
4660.0	94.938619
3419.0	95.632667
5146.0	95.679098
5059.0	95.953622
5731.0	95.688363
5121.0	95.631247
4222.0	94.938127
1805.0	95.308116
4589.0	95.300084
5911.0	95.481327
7323.0	95.627729
6550.0	95.414723
5836.0	95.018524
2776.0	95.512536
5965.0	95.780624
6677.0	95.930382
6707.0	95.644126
5699.0	95.795427
6930.0	95.162121
2972.0	95.671974
6643.0	95.731152
7921.0	96.053696
7224.0	96.109225
7905.0	96.044726
6913.0	95.619696
2431.0	95.993435
7651.0	96.332204
6594.0	96.563101
11784.0	95.521463
6680.0	96.119886
7293.0	95.560925
2359.0	95.654815
6716.0	96.642844
7373.0	96.656459
7491.0	96.410389
7676.0	96.468498
7553.0	95.251132
2512.0	95.786612
7032.0	96.070128
7541.0	95.879997
7581.0	95.950518
6964.0	95.764996
6306.0	95.005961
3094.0	95.688053
7318.0	95.794904
7364.0	96.100386
8398.0	95.699828
8690.0	95.959676
11011.0	91.911769
5732.0	93.570248
14335.0	90.408177
15430.0	88.781401
47706.0	95.979353
13564.0	90.976554
14900.0	89.878292
1453.0	90.226802
14942.0	93.259655
15614.0	94.688666
12872.0	94.747876
12401.0	95.527211
13784.0	91.399558
2293.0	91.968369
15039.0	98.427327
12661.0	98.006255
11387.0	95.264951
5456.0	90.713163
5163.0	77.667054
714.0	79.342360
5707.0	84.714376
8400.0	89.098654
10588.0	91.273696
12806.0	92.876857
14928.0	90.245846
2655.0	90.842614
21119.0	96.013897
16040.0	94.583835
15087.0	93.967803
12413.0	91.808049
10048.0	83.605533
1455.0	84.757361
13661.0	89.994873
15151.0	91.302853
14632.0	90.793968
12202.0	89.764049
12141.0	85.351283
1781.0	86.492891
18032.0	93.084818
16062.0	92.712642
14166.0	91.219190
14406.0	91.262349
12584.0	85.180630
895.0	85.652893
14828.0	90.639346
15050.0	92.240604
13372.0	90.682786
12883.0	90.294127
10728.0	82.747462
1369.0	84.016953
17226.0	94.052746
16098.0	94.110377
15872.0	93.973011
13815.0	92.721145
12447.0	88.514560
780.0	89.102257
15779.0	93.904087
16644.0	95.411013
15095.0	94.600593
13789.0	94.156126
12881.0	88.899966
1588.0	89.755465
14365.0	94.937567
11622.0	94.198676
19180.0	97.297370
8963.0	94.971529
8818.0	92.455725
1659.0	93.291053
11289.0	96.808182
11566.0	96.479470
12654.0	96.661443
11997.0	96.037065
12217.0	90.735052
1819.0	91.590169
11782.0	96.311552
11860.0	95.212391
11678.0	95.197373
11396.0	93.443011
10884.0	88.244914
1621.0	89.475003
11268.0	94.008774
10570.0	93.820400
10074.0	93.453635
9688.0	93.532471
9820.0	87.866486
1384.0	88.558939
11334.0	95.151263
11467.0	95.035217
11554.0	94.925890
11291.0	94.230035
11043.0	87.912866
1557.0	88.670986
13194.0	93.955217
11643.0	92.770243
14791.0	93.409352
13711.0	93.478267
12573.0	87.933067
1984.0	89.111011
12912.0	92.854125
12066.0	92.758494
10418.0	91.038945
10807.0	91.042269
9122.0	85.849930
1788.0	86.889035
11594.0	91.691520
10163.0	91.998331
10552.0	91.242591
10598.0	91.742887
11485.0	87.017698
2489.0	88.839484
14888.0	94.094753
14710.0	93.709773
13198.0	93.161834
12758.0	92.660595
12730.0	89.117197
2215.0	90.162195
15897.0	93.755643
13754.0	92.825554
13104.0	92.665127
12308.0	92.062655
11811.0	87.132754
1929.0	88.455311
12711.0	92.422760
11547.0	91.958042
28573.0	99.086243
9489.0	92.218758
9647.0	85.379794
1630.0	86.936359
9181.0	91.711632
9886.0	90.800323
8947.0	90.840756
9072.0	91.449510
9261.0	84.837286
2894.0	87.283822
11085.0	91.781625
10974.0	91.516701
11425.0	91.028278
12237.0	90.390990
14177.0	84.146485
2076.0	85.657332
14709.0	90.719694
14635.0	88.875473
15379.0	89.107041
14687.0	88.925134
14878.0	81.027626
1988.0	82.794055
17045.0	91.193080
16478.0	90.796114
17366.0	90.663497
15985.0	88.034396
16667.0	79.683835
1756.0	81.237108
17921.0	89.693366
16294.0	87.586761
16112.0	86.574681
16259.0	85.333238
15809.0	72.482875
2171.0	75.008190
17175.0	85.006258
15679.0	83.348654
15757.0	80.836202
15717.0	81.450698
13643.0	68.039117
2290.0	71.523311
14918.0	79.852153
15325.0	76.964776
14095.0	79.642626
13319.0	79.012453
12956.0	62.801774
2231.0	67.159208
14833.0	83.821957
17108.0	81.484534
13699.0	78.861843
13086.0	75.517401
9358.0	48.580724
1488.0	52.950664
14843.0	77.795395
16806.0	83.080678
16287.0	78.480915
13275.0	72.782322
11048.0	50.377736
1453.0	53.680228
16872.0	77.687760
16540.0	73.111782
18685.0	82.682059
8954.0	60.235532
6226.0	50.918765
1379.0	56.664997
8203.0	66.985022
9681.0	73.938418
10593.0	77.833124
9931.0	76.987785
9924.0	74.099055
2733.0	78.716189
11583.0	83.255522
11854.0	83.946741
10505.0	82.571027
10810.0	82.897226
10507.0	79.519384
1946.0	81.970020
10918.0	83.835998
10285.0	84.279939
9796.0	83.834265
8810.0	84.370032
8525.0	79.490973
3439.0	84.293383
9341.0	85.460675
8309.0	85.076499
8074.0	85.418108
8591.0	85.030915
6983.0	84.081553
2942.0	86.857045
7239.0	87.994802
7392.0	87.842345
6191.0	88.095533
5140.0	87.852363
5046.0	89.314345
1955.0	90.182020
5600.0	90.095428
5321.0	89.830516
4526.0	90.429377
4725.0	90.603065
3838.0	88.861537
2635.0	90.678492
5040.0	91.414581
4019.0	90.233804
4121.0	90.244196
3899.0	90.540623
4462.0	89.597902
1233.0	90.589316
5336.0	91.017221
4145.0	90.315538
4998.0	90.261637
4283.0	90.431444
4869.0	89.945302
1331.0	90.692678
4631.0	89.917303
4420.0	89.998428
4902.0	90.053977
4834.0	89.442541
4284.0	89.321789
1231.0	90.130825
5045.0	90.157500
4667.0	89.415440
18532.0	91.922286
2881.0	88.444542
3636.0	87.122830
2169.0	89.793051
3976.0	89.750380
4541.0	89.300224
4476.0	89.840759
4840.0	89.462481
4460.0	88.890416
1049.0	89.958094
4884.0	89.445252
4970.0	89.352539
4467.0	89.561105
5241.0	88.975717
4508.0	87.120178
1962.0	89.272980
5168.0	89.057866
5493.0	89.287962
5264.0	89.544318
5813.0	89.297344
5814.0	87.959425
1108.0	88.990125
5396.0	89.262683
5461.0	88.132710
5592.0	88.175738
5462.0	87.604862
5394.0	86.249490
2297.0	89.315922
5810.0	88.678138
5755.0	88.435663
5871.0	87.959711
5668.0	86.865310
6214.0	85.720497
1008.0	87.468535
6630.0	88.171694
6944.0	87.650624
6266.0	86.542085
6353.0	86.455811
6315.0	83.890621
2246.0	87.493505
7290.0	87.452747
7426.0	87.431084
7357.0	84.807048
7030.0	85.049131
6864.0	82.915122
1787.0	85.904182
6616.0	85.108403
6479.0	84.424536
6664.0	84.769634
6528.0	85.272233
6277.0	82.254759
2082.0	86.191501
6985.0	85.335939
6501.0	85.449729
6360.0	83.332903
6161.0	85.004154
6922.0	83.389011
1657.0	86.086707
7348.0	87.971517
