8077.0	84.750398
2808.0	81.506731
3306.0	82.234515
1228.0	86.227611
3451.0	86.599962
3554.0	87.131737
3425.0	87.970061
3105.0	87.813519
2904.0	87.468211
885.0	89.684262
2776.0	88.827578
2547.0	88.482176
2098.0	87.661825
2103.0	88.689483
2396.0	88.756685
1439.0	91.707770
2888.0	91.832632
2606.0	92.067189
2824.0	92.533608
2671.0	92.217217
2712.0	92.299677
3573.0	93.583393
3588.0	93.561778
3307.0	93.753136
3506.0	94.111493
3143.0	93.832142
3401.0	94.011626
1714.0	95.437948
3768.0	95.442539
3689.0	95.237537
3291.0	95.270564
3390.0	94.309688
3522.0	94.436916
2088.0	96.013398
3735.0	95.633685
3440.0	95.597714
3724.0	95.314658
3649.0	95.349800
3942.0	95.331186
2874.0	96.219364
4476.0	95.572621
4314.0	95.755481
4710.0	95.856672
4009.0	95.534813
3763.0	94.848463
5236.0	95.904497
5578.0	95.069348
6359.0	95.420839
6276.0	95.466209
6018.0	95.250731
6713.0	95.553294
2429.0	96.284952
6397.0	95.543594
6299.0	95.580403
5811.0	95.499614
6769.0	95.607739
6560.0	95.157270
3186.0	96.293467
6736.0	96.221139
7079.0	96.057845
18818.0	97.105542
5100.0	96.131322
4630.0	95.320054
1728.0	96.162525
4836.0	96.801501
3640.0	96.499239
4470.0	94.833675
4993.0	95.021899
3847.0	94.879156
1000.0	95.058869
3230.0	95.316214
4889.0	95.294475
3076.0	95.517890
2991.0	95.359880
4658.0	95.319625
628.0	95.355743
3265.0	95.865690
4882.0	95.476258
5975.0	95.531901
4512.0	95.444130
4825.0	95.198988
585.0	95.212061
4094.0	95.506657
5213.0	95.739819
3623.0	95.438011
5341.0	95.453999
4337.0	95.382288
2355.0	95.523607
6356.0	95.957071
5446.0	95.958313
5608.0	95.460882
4441.0	95.543058
5465.0	95.247260
2009.0	95.395697
5518.0	95.769170
6243.0	95.789206
10543.0	95.159689
7563.0	95.372767
6685.0	95.272456
2759.0	95.453650
8489.0	95.752087
6354.0	95.390763
6880.0	95.724490
6537.0	95.562203
7027.0	94.866870
2650.0	95.144526
8250.0	95.757056
7705.0	95.659825
7532.0	95.920685
8181.0	96.312286
7004.0	95.464205
2635.0	95.714812
9577.0	96.101212
7929.0	96.519857
10456.0	96.542149
9048.0	96.397994
8029.0	95.661832
3719.0	95.962521
9439.0	96.848381
6899.0	96.790721
28354.0	97.387602
6618.0	96.631899
7534.0	95.536861
1933.0	96.023421
6219.0	97.032352
8605.0	97.065000
7408.0	97.229979
7932.0	97.052404
7989.0	96.040894
993.0	96.193011
8130.0	97.302371
8442.0	97.070162
9936.0	96.804178
7386.0	97.022595
8338.0	95.814673
2809.0	96.202932
7902.0	97.170594
8265.0	97.242590
8115.0	97.104121
8656.0	97.273340
7123.0	96.033804
2484.0	96.340153
10312.0	97.415710
7825.0	97.453752
6759.0	97.289256
9285.0	97.310788
7538.0	96.141664
1711.0	96.317641
7435.0	97.576059
7628.0	97.855850
14490.0	97.223601
9898.0	97.439160
10772.0	95.481976
3057.0	95.889343
10457.0	97.560272
10116.0	97.857279
7334.0	97.261665
7243.0	97.278618
7322.0	95.468418
4950.0	95.740245
11493.0	97.848324
7276.0	97.506079
7249.0	97.520459
7140.0	97.397121
7157.0	95.523771
1206.0	95.601763
7286.0	97.656445
7172.0	97.745322
8268.0	97.321445
6887.0	97.385258
6803.0	95.160240
1841.0	95.462414
6839.0	97.611038
7188.0	97.263805
6163.0	97.491978
6887.0	97.101895
6246.0	95.300862
1431.0	95.475366
6034.0	97.222326
5385.0	97.240686
22400.0	97.754045
3701.0	96.462709
3644.0	95.379193
2303.0	95.923341
5457.0	96.830906
4886.0	96.652630
5444.0	96.762717
5181.0	96.795346
4562.0	95.384955
4817.0	96.026154
5963.0	96.368686
5182.0	96.337285
6232.0	96.869465
5734.0	95.859589
5877.0	94.407203
4644.0	95.308175
5908.0	95.896706
6022.0	96.020611
5298.0	95.154851
5653.0	94.779062
5094.0	93.125485
4175.0	94.363548
5261.0	94.342244
4500.0	93.544363
4947.0	93.945412
4195.0	94.753644
4145.0	94.278623
3800.0	94.987055
5218.0	95.156249
4539.0	95.161151
5700.0	94.889784
3604.0	94.944082
3568.0	94.683568
2228.0	95.024040
5070.0	95.251164
2971.0	95.237443
3608.0	95.189371
4269.0	94.981947
2396.0	94.629262
532.0	94.728258
3958.0	95.454796
3558.0	95.106874
4446.0	95.478897
3868.0	95.068855
3704.0	95.007964
645.0	95.056511
4700.0	95.189477
2864.0	95.210324
2256.0	95.420259
3782.0	95.224115
2732.0	94.852553
2352.0	95.291187
2697.0	95.519778
3215.0	95.323808
2442.0	95.564452
3274.0	95.536765
2720.0	95.492948
1049.0	95.596648
2646.0	95.554138
2792.0	95.854667
19637.0	95.781930
3386.0	95.236686
3512.0	94.853643
575.0	94.889053
4062.0	95.592500
4742.0	95.319307
5291.0	95.262366
4938.0	95.420720
4189.0	94.847418
2241.0	95.225894
4667.0	95.639318
4414.0	95.668142
5541.0	95.645700
5024.0	95.415802
4239.0	94.649553
1805.0	94.913784
4721.0	95.433213
6103.0	95.338917
6296.0	95.091359
5498.0	95.130463
5154.0	94.825746
1964.0	95.070841
5241.0	95.369088
5841.0	95.555348
5857.0	95.370745
5476.0	95.721079
6002.0	94.880537
2138.0	95.002374
5803.0	95.497844
6856.0	95.737020
6521.0	95.844090
7019.0	96.022881
6271.0	95.534714
2065.0	95.815821
6693.0	95.913811
5850.0	96.146285
10579.0	95.480528
6243.0	95.574492
6738.0	95.473635
3072.0	95.677189
5755.0	96.225688
6500.0	96.261090
6406.0	96.033367
6767.0	95.847949
6524.0	95.114557
2102.0	95.363918
6109.0	95.803782
6573.0	95.504264
6704.0	95.652129
6216.0	95.625387
6369.0	95.084553
1968.0	95.259855
6312.0	95.668358
6522.0	95.955646
7488.0	95.780878
8639.0	95.849326
10686.0	91.900203
5071.0	93.429885
12863.0	89.388131
13555.0	87.257565
45890.0	95.916903
12147.0	89.927378
12861.0	88.123117
1941.0	88.765182
13142.0	92.172162
12309.0	93.382282
12730.0	94.436670
11425.0	95.079848
11925.0	90.310423
1715.0	90.804594
13709.0	97.696223
12188.0	97.542634
10658.0	94.135937
5011.0	89.002559
4845.0	76.964138
584.0	77.758434
5652.0	83.745383
7606.0	88.039271
9088.0	89.601431
10078.0	90.039572
11714.0	87.667502
2076.0	88.499122
19116.0	94.265269
15106.0	93.371279
12267.0	91.637092
10615.0	89.794778
8891.0	81.372833
1442.0	82.821851
11649.0	87.737708
10580.0	86.558875
11142.0	85.747821
9582.0	85.473880
9197.0	79.779425
1310.0	80.940756
15802.0	90.125194
18475.0	92.650429
14506.0	91.647216
12433.0	89.485051
10649.0	81.965250
1324.0	83.051199
14156.0	89.871914
12088.0	89.032010
11330.0	87.869729
9422.0	85.113750
6708.0	73.003700
1111.0	75.323866
10041.0	86.115775
12824.0	89.304097
18417.0	94.606071
17224.0	94.398382
13470.0	89.205641
1240.0	89.676209
17559.0	95.176781
14917.0	94.378585
12578.0	92.442770
10395.0	90.707285
8710.0	83.298855
1493.0	85.573920
10128.0	90.255128
11373.0	93.659456
16616.0	96.483043
8061.0	94.039311
7717.0	91.165186
1899.0	92.623046
9852.0	95.494459
11274.0	96.239318
11799.0	95.884976
11721.0	95.738120
10595.0	88.872337
1514.0	90.104467
10897.0	94.788993
11165.0	94.253211
10921.0	94.406805
10960.0	93.140350
9831.0	86.013783
1904.0	88.064878
10325.0	92.899970
9596.0	92.828584
9553.0	92.462167
8498.0	91.754491
9000.0	86.454151
2042.0	88.539610
9682.0	93.833039
10687.0	94.346266
10669.0	94.185848
10194.0	92.975678
11073.0	87.567881
2870.0	89.617287
13745.0	94.560629
12300.0	93.350007
13126.0	92.256888
12239.0	92.204156
11903.0	87.061083
2323.0	88.553367
13459.0	93.281413
11366.0	92.098366
11012.0	91.732711
10421.0	91.038241
9857.0	86.930030
2637.0	88.736010
10833.0	91.236900
10268.0	91.758706
10329.0	90.736998
9608.0	91.057126
10202.0	86.094787
3029.0	88.490873
11839.0	92.261419
11010.0	90.513369
10374.0	90.229561
10871.0	90.578837
10933.0	87.282887
2387.0	88.759380
13701.0	91.901698
11692.0	90.731937
11884.0	91.304818
10698.0	90.374535
10178.0	84.682887
2142.0	86.598110
11250.0	90.777846
10084.0	90.006123
28573.0	99.086243
8662.0	91.030982
7738.0	81.707655
1510.0	84.000511
7437.0	88.110550
8504.0	88.181989
7636.0	87.549440
8554.0	90.069733
9073.0	84.350795
2997.0	87.328112
9395.0	89.896466
9557.0	89.051566
9106.0	87.543322
11086.0	88.068462
11472.0	80.000872
2756.0	83.160018
12186.0	86.831434
11548.0	84.139439
12037.0	83.833375
12572.0	85.189091
11867.0	75.216467
2571.0	78.367421
14010.0	87.179780
13893.0	87.197835
13659.0	85.652760
14323.0	85.306757
14308.0	75.929009
2349.0	79.327259
16255.0	87.207866
14953.0	84.891738
14525.0	83.526929
14178.0	81.494801
12583.0	66.572232
2426.0	70.646656
15383.0	81.420125
14366.0	80.172279
13949.0	76.164212
13641.0	76.508718
12580.0	65.585269
1809.0	68.356776
13444.0	76.685038
14015.0	74.361501
11255.0	71.448006
11257.0	72.897201
11497.0	58.128931
2370.0	63.655736
13520.0	80.931446
15383.0	77.384322
12379.0	74.642477
13040.0	74.374373
11228.0	55.002295
1690.0	59.032044
14761.0	76.438075
14275.0	76.840013
14496.0	73.784041
12137.0	68.453143
10185.0	46.844791
1800.0	51.876378
13452.0	69.817926
12937.0	64.930173
17326.0	79.670481
7001.0	52.135868
4806.0	42.169265
1263.0	48.742879
6311.0	57.030830
8649.0	70.703640
8470.0	71.273092
8164.0	70.781268
7866.0	66.819985
2005.0	71.822715
9016.0	77.045203
9019.0	77.057678
8780.0	77.826921
9394.0	79.061848
8145.0	73.585589
1881.0	77.610890
8864.0	79.178542
7475.0	78.089879
7585.0	77.716018
6880.0	77.977545
7626.0	76.245647
3224.0	81.668671
7613.0	81.610355
7164.0	81.483727
6718.0	81.778575
7044.0	81.377923
6433.0	81.646035
2689.0	84.581653
6509.0	86.079636
6080.0	85.457643
5431.0	86.029254
5067.0	86.850333
3619.0	86.498993
2355.0	88.505173
4903.0	88.872914
4665.0	88.567393
3906.0	89.369421
3101.0	88.150353
4248.0	88.656680
1766.0	89.669935
3228.0	89.364606
3770.0	89.009600
3645.0	89.088682
3548.0	88.987922
3880.0	88.642792
1601.0	89.708215
3748.0	88.554090
3712.0	89.040096
4356.0	88.880068
3398.0	88.651526
3415.0	87.249731
1878.0	89.296738
4178.0	88.577516
3923.0	89.204374
4299.0	88.822325
3639.0	87.330408
3925.0	87.882987
1569.0	88.993307
4100.0	88.455184
4210.0	88.071360
15920.0	90.003920
2170.0	85.842635
3244.0	85.382757
799.0	86.657050
3575.0	87.852918
3950.0	87.685742
3955.0	88.099840
4316.0	87.632724
3470.0	86.249103
1913.0	88.512592
4250.0	87.855794
4370.0	87.655207
3855.0	87.972807
4603.0	87.913535
4183.0	85.833631
1210.0	87.625717
4600.0	87.977887
4942.0	87.563498
4633.0	88.100871
4469.0	86.076064
4679.0	85.283668
1473.0	87.748273
5004.0	88.160247
4792.0	86.537592
4879.0	86.351222
5018.0	85.996662
4866.0	84.893620
809.0	86.192652
5316.0	86.953855
4992.0	86.510047
5106.0	85.577687
4942.0	85.600115
5415.0	83.860764
1201.0	86.059610
6117.0	86.826852
6260.0	86.169399
6261.0	86.565497
5971.0	85.352105
5778.0	82.515237
1711.0	85.518830
6723.0	86.082430
6316.0	84.896060
6864.0	83.835669
6525.0	83.796598
5556.0	80.038119
1831.0	84.218731
6144.0	84.490773
6219.0	83.914471
5941.0	82.986592
5909.0	82.732361
5469.0	79.739009
1710.0	84.180010
6469.0	84.241298
6218.0	84.137545
5892.0	82.989040
5521.0	83.436690
6021.0	80.982243
1861.0	84.959072
6693.0	86.601488
