4885.0	60.608937
1016.0	58.523827
1013.0	58.669528
12.0	58.666718
1031.0	61.756629
979.0	61.311175
927.0	60.523484
925.0	63.442514
839.0	64.835431
17.0	64.871250
853.0	64.728302
783.0	65.608740
717.0	68.638833
622.0	68.164591
625.0	66.620406
12.0	66.620164
647.0	68.143281
567.0	68.708994
544.0	69.947043
558.0	70.132976
628.0	70.828745
403.0	76.530093
794.0	79.911799
612.0	76.196939
776.0	78.567220
757.0	80.742924
738.0	79.494418
557.0	83.380373
729.0	80.972762
930.0	83.267698
1362.0	84.833521
1373.0	86.255804
1038.0	86.393870
46.0	86.524349
643.0	84.940720
822.0	85.617078
757.0	85.037635
941.0	85.207877
872.0	85.790893
1000.0	87.782592
1523.0	88.592156
1131.0	88.242396
1082.0	87.962411
806.0	86.517897
790.0	85.003299
554.0	87.157591
1426.0	88.110829
1233.0	87.755615
959.0	87.219149
941.0	85.767721
897.0	85.565511
1141.0	87.917374
1661.0	88.451579
1523.0	89.029737
1127.0	87.016959
895.0	85.941556
1099.0	85.931128
485.0	87.696558
1182.0	88.094446
1376.0	87.494780
6656.0	90.046106
986.0	87.560514
1072.0	86.823470
262.0	88.105663
1047.0	89.278005
534.0	89.396114
150.0	84.858307
148.0	86.372819
160.0	86.280178
97.0	87.002147
159.0	87.713507
129.0	86.241081
139.0	86.311380
140.0	85.670813
175.0	86.658488
86.0	87.383975
374.0	89.445611
454.0	90.588598
555.0	90.659256
841.0	91.691496
1157.0	91.614585
905.0	91.635003
2579.0	92.624251
1268.0	92.941181
394.0	92.297736
266.0	91.952861
409.0	91.732628
404.0	92.089922
1960.0	93.491573
457.0	92.304681
323.0	91.982058
942.0	92.245238
582.0	92.058250
801.0	92.304945
1832.0	92.644324
642.0	92.115111
602.0	90.920582
500.0	90.478521
488.0	88.262324
22.0	88.356267
611.0	86.961415
943.0	88.926344
1189.0	90.694472
1252.0	91.148679
1238.0	90.627531
719.0	91.031074
3203.0	92.839893
1436.0	91.462483
1227.0	90.835314
1034.0	90.597929
833.0	88.497334
159.0	89.055643
1047.0	85.535575
1417.0	88.544071
1617.0	89.086987
1134.0	86.953938
1132.0	87.132941
525.0	88.520084
2882.0	93.081617
1540.0	91.435695
7954.0	94.437784
1184.0	90.305457
1022.0	88.643205
132.0	89.284279
1044.0	91.010349
1085.0	89.453276
1152.0	89.030915
1118.0	88.791353
1205.0	86.218610
768.0	89.469597
1227.0	90.625585
1489.0	89.395803
1257.0	88.538601
1147.0	89.101473
1171.0	87.129952
264.0	87.687900
1207.0	89.884336
1219.0	89.344009
1208.0	88.693394
1069.0	88.873569
1347.0	88.416093
522.0	89.144041
1418.0	89.701275
1250.0	90.077819
1281.0	89.811188
1527.0	89.915575
1310.0	88.657585
661.0	89.940543
1098.0	90.518677
1315.0	89.728169
1411.0	88.035773
1163.0	87.204404
1354.0	85.625720
379.0	86.978902
1591.0	89.264468
1168.0	89.311992
1447.0	88.407834
1311.0	87.879894
1441.0	86.116597
380.0	87.042893
1368.0	88.544062
1404.0	89.694992
1352.0	88.476870
1313.0	88.472665
1299.0	86.949905
400.0	87.790169
1282.0	88.791283
1336.0	89.637757
1484.0	89.352758
1345.0	89.581424
1360.0	86.965061
377.0	87.947484
1217.0	90.105643
1358.0	89.033392
1352.0	90.520684
1330.0	88.648352
1416.0	88.053083
409.0	88.866587
1229.0	90.456243
1300.0	90.290588
7309.0	93.879225
771.0	89.854688
999.0	89.713544
173.0	90.092401
1319.0	91.396832
1115.0	90.456533
1230.0	89.543955
1204.0	89.123670
1141.0	86.796068
997.0	90.837870
1195.0	89.383191
1358.0	88.587098
1428.0	87.117929
1478.0	84.483430
1605.0	85.247164
1163.0	89.256250
1497.0	86.564762
1393.0	85.056124
1329.0	83.544886
1524.0	82.749976
1048.0	78.680436
645.0	80.638098
1477.0	84.122852
1324.0	82.411092
1318.0	83.869316
1065.0	82.928429
1206.0	85.226189
712.0	87.215964
1037.0	87.058321
1000.0	87.396061
967.0	88.000917
741.0	86.718088
623.0	86.851414
258.0	87.608979
626.0	87.481170
470.0	87.931408
515.0	87.600373
388.0	86.501718
493.0	87.379569
360.0	87.946893
419.0	87.368490
442.0	87.943192
463.0	87.900420
443.0	87.967231
454.0	87.947999
298.0	89.007709
668.0	88.501757
1140.0	90.696274
650.0	90.822569
1261.0	91.056781
420.0	90.731625
616.0	90.907174
1909.0	91.704423
2389.0	92.964005
598.0	92.615006
219.0	92.706197
99.0	92.462076
455.0	92.604281
851.0	92.757931
1175.0	93.318485
6397.0	93.013232
622.0	91.759046
516.0	91.079172
11.0	90.969640
300.0	89.637278
486.0	89.255151
537.0	89.038768
667.0	89.129816
597.0	88.619519
242.0	89.454598
721.0	89.980658
710.0	90.333360
592.0	89.187665
891.0	89.782853
1484.0	90.971092
954.0	91.881474
3593.0	93.906828
1799.0	93.002552
1713.0	92.008756
719.0	90.467409
461.0	88.617967
15.0	88.642604
636.0	89.418210
668.0	89.240855
612.0	88.763386
897.0	89.678600
1106.0	87.700898
15.0	87.647482
902.0	88.696631
689.0	88.757326
820.0	88.444440
959.0	88.479470
936.0	89.015265
713.0	89.988716
2081.0	92.661647
1201.0	92.777512
1012.0	91.062281
722.0	90.775991
912.0	90.773969
367.0	91.091614
962.0	92.359717
935.0	92.711169
986.0	92.043754
1039.0	92.367204
1047.0	89.995854
826.0	91.293411
2354.0	92.783081
1104.0	91.783063
839.0	91.109711
994.0	89.901398
858.0	88.154860
530.0	89.202649
3203.0	92.451020
1030.0	91.504394
915.0	89.413738
859.0	88.416039
2356.0	83.473823
569.0	84.514003
4602.0	77.450041
4744.0	71.815101
18223.0	83.852643
3947.0	73.139628
4537.0	72.497411
620.0	73.939732
4843.0	77.142976
4066.0	76.443922
3393.0	74.176973
3608.0	76.207263
4032.0	71.538903
930.0	73.037855
4504.0	78.937851
3971.0	77.186598
4223.0	74.401029
3288.0	74.288960
3607.0	66.370794
746.0	68.770086
2981.0	71.612280
2812.0	69.425655
2864.0	67.040259
2794.0	65.782908
2710.0	62.515277
861.0	64.444354
2517.0	62.182623
3011.0	61.547083
3009.0	59.927612
3017.0	58.873609
3232.0	53.444521
434.0	55.266560
3242.0	55.450022
3434.0	56.199232
3643.0	55.422213
3263.0	56.259162
3364.0	53.869761
19.0	53.829529
3426.0	56.686915
3432.0	57.042469
3428.0	56.515019
3465.0	56.337312
3819.0	53.983670
352.0	54.994279
3779.0	58.167905
3769.0	59.151953
4005.0	58.783856
3990.0	59.933069
3964.0	56.578611
189.0	57.458510
3727.0	61.630322
3856.0	61.522690
3918.0	61.784830
3594.0	62.000403
3333.0	58.139036
329.0	59.723503
3635.0	61.097271
3293.0	61.765385
3698.0	60.833906
3411.0	61.404631
3120.0	56.029132
232.0	57.587407
2704.0	61.016843
2506.0	61.347665
5595.0	69.670368
1802.0	64.011259
2030.0	60.918150
208.0	62.384297
2491.0	66.271836
2995.0	68.346482
3225.0	68.860177
3333.0	68.001017
3444.0	63.970260
140.0	64.697808
3225.0	69.024955
3539.0	69.220132
3527.0	69.937267
3788.0	69.599923
3666.0	63.740201
193.0	64.478537
3403.0	67.721223
3280.0	68.645749
3113.0	68.590172
2910.0	68.331431
2956.0	62.963889
130.0	63.622606
2843.0	68.311666
2989.0	66.861858
3050.0	66.926000
2986.0	65.370394
3057.0	57.060349
97.0	57.283712
3254.0	61.592048
3118.0	60.097237
3582.0	59.781385
3395.0	59.062566
3197.0	54.155984
54.0	54.275185
3325.0	58.165397
3143.0	57.495487
2849.0	57.323073
2787.0	58.247978
2501.0	54.371148
72.0	54.585049
2543.0	57.855908
2262.0	58.357084
2457.0	58.132749
2450.0	56.075173
2726.0	51.711932
38.0	51.780814
2838.0	57.368041
2859.0	56.001056
2822.0	55.814959
2800.0	57.385393
2864.0	53.029943
41.0	53.137633
3098.0	55.994463
3210.0	56.091650
3195.0	57.506315
3191.0	58.914923
3135.0	54.691736
42.0	54.801690
3378.0	58.840327
3296.0	60.481432
8260.0	68.413902
2729.0	62.005262
2950.0	55.631235
42.0	55.799891
2720.0	60.298203
2813.0	59.523122
2825.0	60.351005
2718.0	60.971414
2820.0	54.347539
21.0	54.345614
2821.0	57.917606
2862.0	56.500613
3349.0	56.750191
4121.0	58.237848
4548.0	52.769784
28.0	52.853062
4528.0	57.576731
4631.0	55.996614
4731.0	55.025432
4893.0	56.077772
4982.0	48.609820
35.0	48.635701
4762.0	55.433441
4719.0	53.761333
4992.0	52.687514
4992.0	53.154705
5337.0	44.458512
50.0	44.593017
5489.0	53.543062
5458.0	51.836049
5363.0	51.419997
5469.0	49.238678
5603.0	37.295069
77.0	37.535829
5675.0	46.701197
5376.0	45.507804
5599.0	42.826784
5574.0	43.122851
5724.0	36.440628
50.0	36.552261
5944.0	46.626023
6363.0	45.895555
6684.0	50.906118
6596.0	49.917757
6863.0	38.530864
77.0	38.763506
6510.0	52.903343
7631.0	50.914598
7252.0	51.848658
7595.0	54.046950
7321.0	39.095668
59.0	39.166331
8656.0	56.502374
9030.0	57.887413
8882.0	54.941941
8374.0	54.254422
7747.0	36.668309
97.0	36.966570
7412.0	49.447022
6696.0	42.374733
7651.0	50.913407
4978.0	39.152332
4120.0	36.216241
60.0	36.410036
3897.0	39.999709
3885.0	43.277196
3803.0	44.507575
3655.0	44.142887
3562.0	41.846131
43.0	42.093541
3406.0	47.281447
3540.0	46.599992
3543.0	48.825133
3731.0	50.590477
3463.0	47.497801
29.0	47.579480
3357.0	50.928677
3201.0	51.757492
3111.0	53.023325
2823.0	53.668110
2891.0	50.736680
21.0	50.735130
2661.0	52.152476
2513.0	53.053336
2391.0	53.203480
2403.0	53.520920
2041.0	53.988844
12.0	53.991043
1696.0	57.006270
1740.0	56.121779
1347.0	56.804529
1090.0	58.245325
655.0	59.169739
12.0	59.168045
684.0	61.104175
748.0	60.059476
574.0	61.281222
574.0	60.820461
628.0	60.213390
26.0	60.353036
471.0	61.629590
623.0	61.079509
568.0	61.698751
566.0	61.995667
622.0	61.370821
17.0	61.367785
708.0	61.935906
597.0	61.452282
817.0	60.683552
698.0	60.723737
853.0	60.648081
17.0	60.656778
921.0	61.125715
785.0	61.648713
894.0	61.443637
865.0	60.627887
766.0	60.686284
12.0	60.655976
857.0	61.120070
847.0	59.052665
6852.0	66.000563
406.0	62.385227
586.0	58.562279
12.0	58.561093
639.0	58.153049
757.0	58.401671
761.0	58.440524
869.0	58.966666
840.0	58.220912
19.0	58.237063
934.0	58.286019
992.0	58.942667
907.0	59.272096
1070.0	58.798422
1069.0	57.530625
18.0	57.559460
1100.0	58.212415
1269.0	58.656948
1285.0	59.648915
1313.0	58.434181
1438.0	57.356465
12.0	57.355868
1367.0	60.446351
1586.0	61.006009
1423.0	59.705705
1521.0	59.444318
1555.0	58.192053
21.0	58.355432
1516.0	59.009778
1534.0	59.251425
1715.0	59.608205
1665.0	58.414448
1771.0	57.011618
22.0	57.145926
1936.0	59.086319
2011.0	60.579676
2010.0	60.925629
2091.0	57.827353
1978.0	55.254243
16.0	55.311488
2188.0	57.144714
2184.0	56.930827
2377.0	55.485480
2192.0	54.170066
2110.0	53.521961
29.0	53.622497
1976.0	54.829114
2042.0	54.769745
2125.0	57.434784
2102.0	54.946119
1998.0	52.196084
33.0	52.263163
2101.0	54.685718
2042.0	56.085095
2179.0	57.080580
2099.0	57.571878
2200.0	53.149020
20.0	53.188189
2149.0	57.281151
