7099.0	81.048608
2204.0	77.194704
2662.0	78.178641
1072.0	83.389563
3038.0	84.582374
3136.0	84.710361
2932.0	85.901844
2562.0	85.038263
2435.0	85.203293
1225.0	87.592956
2560.0	86.359321
2175.0	85.968735
1741.0	85.460219
1749.0	85.934360
1942.0	86.033381
1432.0	90.534148
2256.0	89.828933
2061.0	89.787841
2011.0	90.324530
2241.0	90.616198
2087.0	90.276266
1284.0	92.831332
2314.0	92.070113
2329.0	92.094663
2428.0	92.550701
2475.0	93.090403
2397.0	92.563347
3075.0	93.960054
3629.0	93.494090
2980.0	94.176870
2687.0	94.045542
2800.0	93.327957
2740.0	93.630764
1769.0	95.142411
3049.0	94.876777
2714.0	94.589777
3077.0	94.589348
2934.0	94.423864
3167.0	94.205781
1434.0	95.500730
3194.0	95.454959
3569.0	95.330272
4208.0	95.310187
3394.0	94.265085
3169.0	93.979849
2183.0	95.821713
3771.0	94.471588
3436.0	94.271688
3714.0	94.714018
3098.0	94.378517
3903.0	94.526290
1952.0	95.686345
4121.0	94.993384
4312.0	95.284250
4046.0	94.836238
4679.0	95.362248
4097.0	94.635239
3236.0	95.591163
4522.0	95.909307
5106.0	95.769044
14684.0	96.599678
3674.0	95.491643
3454.0	94.363376
1555.0	95.272865
3796.0	96.026520
2833.0	96.592059
2119.0	94.293345
2065.0	94.286344
1559.0	93.996446
1769.0	94.092635
4894.0	95.029496
1532.0	94.800014
4364.0	94.966931
2834.0	95.520502
1536.0	94.460627
3122.0	95.062480
2915.0	95.295743
4081.0	95.372564
5372.0	95.342516
4088.0	95.230432
4448.0	94.953013
1050.0	95.322769
3872.0	95.529035
4382.0	95.135013
3627.0	95.454971
4350.0	95.082882
4168.0	95.197797
561.0	95.209418
4879.0	95.305401
4159.0	95.749378
5197.0	95.366841
4143.0	95.595745
5163.0	95.389358
701.0	95.333365
4227.0	95.496386
5028.0	95.562882
10249.0	95.073418
5849.0	95.087794
5329.0	94.426804
1337.0	94.866439
6645.0	95.592384
6117.0	95.388798
6443.0	95.476085
6096.0	95.647365
6687.0	94.495578
817.0	94.626440
6344.0	95.542215
7154.0	95.107239
7007.0	95.808447
6949.0	95.847580
5913.0	95.058173
1573.0	95.423250
8983.0	96.016567
6633.0	96.141374
8728.0	96.236902
8098.0	95.938201
7276.0	95.352305
1987.0	95.693763
7939.0	96.711033
6341.0	96.627008
18798.0	97.263172
4106.0	96.111340
4527.0	94.917441
1555.0	95.170171
4002.0	96.468938
5128.0	96.390289
4779.0	96.647158
4993.0	96.556934
5020.0	95.303411
225.0	95.350539
5120.0	96.666644
5492.0	96.420430
6302.0	96.459551
5081.0	96.795049
5583.0	95.413203
208.0	95.448929
4773.0	96.521430
5020.0	96.611190
5040.0	96.466094
5155.0	96.601458
5377.0	95.555506
3027.0	95.691729
7166.0	96.823043
5348.0	96.587002
6172.0	97.044278
7038.0	96.964930
5302.0	95.805805
3888.0	95.990300
6186.0	97.074652
6425.0	97.386842
9073.0	96.760838
5959.0	96.937656
7007.0	95.259285
336.0	95.291240
6778.0	97.078510
6966.0	97.293222
6973.0	97.049791
6423.0	97.116925
6735.0	95.250952
1094.0	95.368430
6657.0	97.082827
6740.0	97.228150
6719.0	97.294676
6431.0	97.031621
6645.0	95.501437
1019.0	95.693941
6500.0	97.362270
6463.0	97.532183
8183.0	97.343308
4873.0	96.833178
5129.0	94.972336
2335.0	95.526083
5878.0	97.525942
4674.0	96.615504
4524.0	97.038381
4825.0	96.587092
4869.0	94.802988
2281.0	95.586488
5731.0	97.375404
4226.0	96.787203
19871.0	97.668861
3338.0	96.495312
3475.0	95.290736
1413.0	95.811049
4840.0	96.588905
4125.0	96.576291
4740.0	96.451169
4561.0	96.236634
3777.0	95.097524
2054.0	95.917439
5774.0	96.360353
4819.0	96.493919
5378.0	96.543929
5430.0	95.646578
5073.0	94.237708
2748.0	95.578112
5149.0	95.217517
5359.0	94.908173
4478.0	94.476531
4390.0	93.476605
4557.0	91.361883
1750.0	93.001705
4888.0	93.536236
4212.0	93.137395
4461.0	93.182147
3818.0	93.998078
3424.0	93.581998
2083.0	94.487938
3767.0	94.994768
3413.0	94.691929
3883.0	94.562890
3320.0	94.741658
2527.0	94.226967
4444.0	94.632707
4796.0	94.963395
2788.0	95.193310
3357.0	94.902005
3987.0	94.652973
2194.0	94.322237
1128.0	94.723954
3707.0	95.082451
3177.0	94.919908
4162.0	95.113566
3481.0	94.965851
3364.0	94.877805
1066.0	95.196100
4120.0	95.289532
2196.0	94.849664
2692.0	95.562181
3324.0	95.089006
2817.0	94.749045
143.0	94.822671
2589.0	95.236168
2994.0	95.050928
1500.0	95.224580
3220.0	95.268565
2628.0	95.358509
485.0	95.329743
2218.0	95.324262
2165.0	95.291316
12933.0	95.526076
2974.0	94.787891
3146.0	94.439362
953.0	94.701323
3708.0	94.957590
4284.0	94.976430
4726.0	95.164918
4639.0	95.181868
4132.0	94.944689
542.0	94.939991
4105.0	95.276120
4165.0	95.293620
5000.0	95.475898
4775.0	95.357132
3981.0	94.620689
644.0	94.802019
4107.0	95.208783
4635.0	95.072586
5995.0	95.033251
5316.0	95.190471
4761.0	94.730527
625.0	94.800704
4905.0	95.570865
5412.0	95.472167
5459.0	95.415512
5082.0	95.429305
5608.0	94.772503
682.0	94.876567
5490.0	95.268829
6473.0	95.699529
5930.0	95.555096
6475.0	95.840637
5637.0	95.324066
640.0	95.394552
6301.0	96.019018
5495.0	96.138545
6117.0	94.831803
7326.0	95.360922
6342.0	95.146466
1087.0	95.330048
5405.0	96.391954
5969.0	96.276103
5260.0	95.635923
5598.0	95.780423
5679.0	94.690113
1004.0	95.004364
5809.0	95.710188
6132.0	95.487721
6292.0	95.761250
5654.0	95.411173
5841.0	94.910064
649.0	94.943778
6066.0	95.486574
6178.0	95.846259
6310.0	95.004326
7242.0	95.190243
9170.0	90.974332
4540.0	92.586351
11099.0	87.901511
11810.0	85.717317
35626.0	93.873135
11069.0	88.489564
12548.0	87.738813
762.0	88.050138
11253.0	90.466753
10052.0	90.946430
10824.0	92.387622
10682.0	93.895809
10784.0	89.295878
1672.0	89.757430
13841.0	97.192740
10306.0	96.134089
8713.0	91.834696
3806.0	85.079797
3012.0	67.871560
403.0	68.964191
3250.0	73.857617
3750.0	74.799598
4895.0	77.189355
6592.0	81.952134
6933.0	79.973744
1201.0	80.916812
12083.0	88.291374
15737.0	92.300402
13776.0	92.182793
12425.0	90.983765
11149.0	84.721305
1475.0	85.820357
12658.0	89.845124
10360.0	87.350410
6683.0	78.147514
5150.0	73.503324
3885.0	61.974701
795.0	64.475365
5978.0	71.998121
5984.0	71.598944
8003.0	77.556448
8462.0	78.811781
11129.0	78.827813
1499.0	80.027845
15785.0	88.993263
12026.0	88.409383
12091.0	87.682520
11034.0	87.155221
7381.0	75.811543
1038.0	77.674877
7288.0	81.349684
7296.0	80.708800
7397.0	81.288541
6858.0	80.253273
7688.0	78.308373
1872.0	81.534459
14571.0	91.136008
14565.0	92.861113
14074.0	92.670678
12289.0	92.444365
9629.0	85.203328
1707.0	86.830347
9820.0	91.300115
8170.0	90.775928
12977.0	93.705570
5298.0	89.301375
5169.0	86.445156
1893.0	89.512869
9394.0	94.730637
10243.0	95.120464
9785.0	94.097748
9124.0	92.793440
8482.0	85.993912
1877.0	88.032776
7892.0	90.236172
8498.0	89.762361
6626.0	86.430716
7510.0	85.572434
6796.0	79.164213
1752.0	82.606074
8032.0	87.539431
6920.0	86.693420
7410.0	87.812079
7522.0	88.890038
7969.0	84.097678
2562.0	87.367506
9310.0	93.352659
9153.0	92.563535
8505.0	90.816811
8609.0	89.346855
8489.0	83.240314
2259.0	86.001664
9435.0	89.332861
9736.0	89.423800
9543.0	87.111463
9177.0	86.911870
8775.0	81.904819
1235.0	83.314286
8606.0	86.186931
8881.0	86.594716
8756.0	86.556847
8211.0	85.956127
7522.0	82.092796
2309.0	84.527011
9542.0	88.209449
9337.0	89.817373
9268.0	89.354605
8860.0	89.499412
7930.0	81.925082
1746.0	84.429425
8815.0	87.783273
8864.0	86.982969
7878.0	85.206114
8254.0	86.044187
8617.0	83.482882
2131.0	85.993398
10870.0	88.488880
10482.0	88.694185
10106.0	88.183655
9163.0	87.233371
8708.0	81.731558
2265.0	84.821093
8331.0	85.708559
8108.0	85.741488
25348.0	98.066612
7467.0	88.776603
6935.0	79.940785
1584.0	82.442709
7074.0	86.876386
7367.0	85.525481
6613.0	85.267483
6783.0	86.200440
7901.0	81.219617
3007.0	84.958954
8589.0	88.390859
8652.0	87.442649
8193.0	84.758399
9150.0	83.842606
9615.0	76.471156
1642.0	78.839538
10059.0	82.524865
10107.0	80.821926
10193.0	80.266384
10482.0	80.924928
10836.0	72.901997
2756.0	77.360350
11781.0	83.116250
10882.0	81.346480
11567.0	80.766709
11898.0	80.651422
11081.0	69.568788
1830.0	72.710982
12910.0	81.430766
12159.0	79.474372
11796.0	78.130852
12334.0	78.155903
12560.0	66.196517
1827.0	69.222071
12939.0	77.083080
11964.0	74.252929
11022.0	69.788540
11233.0	70.924407
10045.0	58.068342
2272.0	63.815572
11518.0	71.535426
10326.0	64.127234
9409.0	65.117403
9287.0	65.546890
8533.0	46.294236
1707.0	52.379283
10074.0	70.611818
11433.0	66.574931
10360.0	67.534539
10878.0	67.603448
9353.0	48.451335
1933.0	54.011569
13724.0	74.186472
11714.0	69.981833
10884.0	62.731300
8306.0	54.136423
7711.0	36.261158
1468.0	41.806886
9325.0	56.375466
8254.0	48.740373
14087.0	72.642974
4972.0	39.662688
4127.0	36.458183
1003.0	42.121307
5260.0	50.649760
6407.0	61.287450
6423.0	62.787889
6297.0	62.788348
6985.0	63.811045
1745.0	68.686070
7904.0	73.999606
7011.0	69.951890
6744.0	70.380377
6806.0	71.291186
6672.0	67.796853
1794.0	72.735102
6868.0	72.933913
6179.0	72.421661
6188.0	72.660311
5823.0	74.130479
6131.0	71.424583
2305.0	76.728345
6009.0	77.038355
5096.0	75.371121
5136.0	75.984029
5923.0	77.509321
5013.0	78.128467
2368.0	81.588841
5297.0	82.972946
5348.0	82.020188
4378.0	82.991045
3701.0	83.416531
2674.0	84.268004
1608.0	85.726236
4012.0	85.737718
3783.0	85.802402
3142.0	86.734384
2174.0	84.805833
3498.0	86.143494
1265.0	86.690474
2582.0	86.471643
3069.0	86.406026
2910.0	86.299641
2839.0	87.088387
3062.0	86.244627
819.0	86.914525
2981.0	86.559607
2919.0	86.474530
3490.0	86.198260
2985.0	86.171640
2457.0	84.361259
2097.0	87.230550
3293.0	86.127150
3117.0	86.566846
3413.0	86.203429
3356.0	85.258635
3012.0	85.421767
686.0	86.347721
3341.0	85.875917
3459.0	85.517546
13867.0	88.205935
1476.0	82.896005
2485.0	82.427221
831.0	84.188563
2789.0	85.250971
3296.0	84.965627
3122.0	85.039841
3460.0	84.959211
2876.0	84.077823
1053.0	85.787066
3513.0	85.360955
2859.0	82.759573
3247.0	84.677790
3066.0	82.669473
3453.0	82.244029
1126.0	84.576622
3811.0	85.242427
4156.0	84.469480
3177.0	83.220956
3689.0	82.263138
3762.0	81.268676
1259.0	84.166521
4254.0	84.932431
3922.0	82.732902
4009.0	83.329131
4043.0	82.646546
3993.0	81.613553
891.0	83.873320
4918.0	85.346412
3973.0	82.515108
4426.0	82.588059
4337.0	82.294235
4638.0	80.266301
995.0	83.052853
4953.0	83.259508
5230.0	82.840564
4918.0	81.872638
4893.0	81.383860
4607.0	78.907353
1724.0	83.180772
5430.0	81.565584
5584.0	81.686782
5499.0	78.602961
5229.0	78.884437
5022.0	76.450879
1925.0	82.059068
5242.0	80.649935
5380.0	80.874022
4996.0	79.444076
5011.0	79.594569
4763.0	77.053550
1676.0	81.948871
5426.0	80.170784
5103.0	80.785303
5076.0	78.519094
4825.0	80.361214
5147.0	77.616626
1965.0	82.692988
5335.0	82.586994
