6749.0	78.776999
1913.0	74.149216
2370.0	76.947887
654.0	81.849804
2586.0	81.925069
2457.0	82.065504
2327.0	81.801319
2185.0	83.196124
2156.0	83.874459
665.0	86.241710
2189.0	84.875551
2025.0	85.329439
1477.0	82.086910
1545.0	84.350258
1653.0	83.685456
1620.0	87.838843
1950.0	86.942021
1849.0	88.633914
1909.0	89.263418
2110.0	89.254556
1932.0	89.670428
1026.0	91.819918
2050.0	91.822100
2145.0	91.769981
2144.0	92.264591
2119.0	92.295410
2207.0	91.801654
1119.0	93.955660
2353.0	93.594114
2350.0	93.323138
2225.0	93.996926
2323.0	93.426926
1876.0	92.549182
3433.0	94.820272
3358.0	93.439005
2180.0	93.703367
2574.0	94.154438
2438.0	93.705044
2455.0	93.595240
2070.0	95.345454
2671.0	94.481526
3039.0	94.626592
3300.0	93.965971
2968.0	94.157659
2563.0	92.916797
2157.0	95.425009
3414.0	94.562843
3109.0	94.232089
3027.0	94.122333
2871.0	93.548678
3050.0	93.798431
2040.0	95.330650
3390.0	94.526114
3538.0	94.715409
3060.0	93.794580
3664.0	94.308934
3387.0	93.787988
2065.0	95.432732
3713.0	95.138473
3959.0	94.858930
12158.0	95.899031
2978.0	94.719530
2961.0	94.001961
1579.0	95.291925
2997.0	95.715807
2217.0	95.765174
1565.0	93.981066
1438.0	94.039707
1115.0	93.856131
767.0	94.305069
1244.0	94.470214
957.0	94.011447
1476.0	94.420350
1210.0	94.466906
1451.0	94.411317
297.0	94.494063
1313.0	94.561775
1558.0	94.452207
2563.0	94.326008
2010.0	94.528165
1904.0	94.129059
503.0	94.316459
1880.0	94.621057
1846.0	94.613953
1748.0	94.637348
2889.0	94.694368
2265.0	94.417376
4046.0	94.967576
4788.0	95.181773
3877.0	95.324010
4731.0	94.993157
3848.0	95.405163
4515.0	95.221474
1167.0	95.378370
4328.0	95.437810
5107.0	95.679948
4559.0	94.185487
3577.0	94.202758
3450.0	94.171505
4839.0	94.856399
6024.0	94.998063
5366.0	95.164345
5758.0	95.040704
5532.0	95.169135
5872.0	94.444083
1585.0	94.691316
5593.0	94.987731
6519.0	94.683145
6222.0	95.398817
6906.0	95.879304
5505.0	94.793506
2334.0	95.276420
7925.0	95.374918
6685.0	96.008495
6154.0	95.977180
5816.0	95.652386
5239.0	95.179232
3839.0	95.445122
5193.0	96.043447
4764.0	95.968667
17557.0	97.154363
3519.0	95.812058
3621.0	94.624804
1630.0	95.366591
3695.0	96.094653
4775.0	96.161325
4456.0	96.535163
4623.0	96.253952
4340.0	95.141783
1135.0	95.408420
4733.0	96.361137
5110.0	96.309168
5789.0	96.193572
4615.0	96.627325
5210.0	95.141591
674.0	95.324227
4974.0	96.672999
4556.0	96.500420
4600.0	96.257495
4734.0	96.519389
4991.0	95.600736
820.0	95.828727
6792.0	96.851054
4845.0	96.495424
5774.0	96.847705
6543.0	96.802652
4955.0	95.560263
857.0	95.752976
5084.0	96.882778
5494.0	97.067032
8346.0	96.498151
5603.0	96.789028
4827.0	94.785717
3027.0	95.403429
6125.0	96.808035
6332.0	97.020030
5038.0	96.681596
4893.0	96.617479
5063.0	94.596442
2403.0	95.049560
5092.0	97.077121
5088.0	97.079369
5008.0	96.649200
5062.0	96.502199
5119.0	95.056997
2411.0	95.487206
4927.0	97.281541
4830.0	97.234461
5292.0	96.743802
4692.0	96.697760
4741.0	94.594380
1648.0	95.135420
4742.0	97.132130
4872.0	96.784701
4363.0	96.998828
4065.0	96.025683
4119.0	94.109626
1590.0	95.198520
4222.0	96.815829
3838.0	96.563908
17248.0	97.253149
2741.0	95.839093
2777.0	94.850031
1520.0	95.509419
3914.0	96.385349
3308.0	95.813546
3859.0	95.678800
3891.0	95.702922
3672.0	94.724999
2098.0	95.572316
4651.0	95.967167
3772.0	95.489350
4598.0	95.684305
4523.0	94.742002
4108.0	93.038074
2784.0	94.737678
4480.0	94.960930
4594.0	94.741963
4172.0	93.886429
4281.0	93.066254
3876.0	91.570256
2401.0	93.313594
4216.0	93.271700
3611.0	92.513141
3870.0	92.990417
3249.0	93.335777
2884.0	93.039695
2315.0	94.171668
3446.0	94.577542
3019.0	94.738023
3202.0	94.096166
2596.0	94.165312
2596.0	94.026676
642.0	94.107637
2832.0	94.158969
1966.0	94.641892
2491.0	94.058778
2639.0	94.383673
1572.0	93.886548
4327.0	94.288204
2653.0	94.956966
2348.0	94.402911
2510.0	94.605597
2030.0	94.559226
2548.0	94.333545
3023.0	94.764223
2604.0	94.880388
1585.0	94.393147
1960.0	95.159602
1759.0	94.407734
2244.0	94.263901
2172.0	94.414650
2133.0	94.692592
2701.0	94.778483
1424.0	94.761720
3094.0	95.054048
2532.0	94.831285
1053.0	95.053303
1920.0	95.033594
2000.0	95.009332
12152.0	95.258733
1530.0	94.310786
1943.0	94.028297
2493.0	94.247629
3496.0	94.437241
3728.0	94.500455
4307.0	94.679850
4206.0	94.784855
2726.0	93.924331
2341.0	94.615681
3756.0	94.971412
3792.0	95.082128
4717.0	94.845755
4300.0	94.899923
3527.0	94.046946
1037.0	94.431271
3313.0	94.709247
4240.0	94.507804
5482.0	94.693237
4734.0	94.684529
4187.0	94.270370
1186.0	94.664667
4307.0	94.960153
4874.0	95.087030
4787.0	94.792709
4369.0	95.005354
3297.0	93.734385
2085.0	94.277418
4952.0	95.144497
3674.0	94.740158
3641.0	94.643247
4318.0	94.886716
3639.0	94.446539
3085.0	94.837251
5865.0	95.627858
3464.0	95.425512
5399.0	94.841656
3453.0	95.135527
3442.0	94.751631
2038.0	95.022679
4052.0	96.178100
3260.0	95.460798
3270.0	95.194361
3405.0	95.326870
3375.0	94.203886
4308.0	94.706836
5586.0	95.417242
3218.0	94.621449
3317.0	94.781883
3220.0	94.406441
3339.0	93.861706
4228.0	94.619130
5631.0	94.755137
5628.0	95.464776
3620.0	94.309513
5055.0	94.459869
6428.0	89.447564
5061.0	91.731382
9465.0	86.264661
8733.0	82.168612
33294.0	93.244188
6852.0	82.850253
7649.0	82.499051
1422.0	83.352228
9173.0	86.837720
8115.0	87.906083
7549.0	88.079896
7491.0	89.169332
8333.0	85.293534
2546.0	87.162360
12095.0	94.875336
11794.0	95.750980
11883.0	94.385968
5827.0	90.480328
4524.0	75.342606
793.0	76.893978
4239.0	79.713021
4123.0	79.209747
3957.0	76.325449
3544.0	72.947398
3657.0	68.818364
1159.0	71.467815
6540.0	78.839044
7699.0	81.364111
10339.0	85.185406
11096.0	87.186012
11330.0	82.612669
2432.0	83.821804
9530.0	84.163229
9829.0	83.564268
9161.0	81.785978
6365.0	78.434190
5022.0	68.431569
1007.0	70.979517
6572.0	74.805761
6494.0	74.022799
6465.0	75.511777
7066.0	75.855874
7746.0	72.577914
2102.0	75.699065
13169.0	85.278750
10080.0	84.738647
9851.0	84.658656
8227.0	81.168951
5209.0	67.332847
1108.0	71.384702
5887.0	75.645293
6029.0	75.630014
6133.0	76.381053
5988.0	76.557903
6460.0	73.717086
2145.0	78.267979
11954.0	88.451033
12042.0	89.958195
10114.0	88.414469
8818.0	87.015726
6997.0	79.345025
1581.0	82.137841
6356.0	83.852083
6202.0	84.748730
12001.0	92.592897
5000.0	88.049791
4614.0	84.640097
1793.0	88.437552
7820.0	92.770227
9308.0	94.242078
7980.0	91.285416
7426.0	89.126132
7067.0	82.473414
1982.0	85.907057
6346.0	86.449923
6241.0	83.056539
5814.0	82.065520
6265.0	80.912309
5233.0	73.431826
1662.0	78.174847
6807.0	83.222424
5973.0	83.891621
5793.0	82.958050
5484.0	83.013838
6206.0	79.174151
1808.0	82.453271
7426.0	88.341426
7930.0	89.564337
7437.0	88.933155
7461.0	87.765102
7543.0	81.458428
2196.0	84.388146
8836.0	88.088692
8326.0	87.087493
9222.0	86.230800
8267.0	84.711722
7475.0	78.872932
1610.0	81.068291
7589.0	83.080345
6903.0	82.220576
7338.0	83.141710
6877.0	83.398548
6345.0	78.823380
2309.0	81.970512
7619.0	84.951315
6740.0	84.893870
7065.0	84.710188
6221.0	83.289916
6689.0	77.751382
1457.0	80.092553
7174.0	83.817264
7470.0	83.021052
7664.0	83.983411
7577.0	84.172428
7361.0	80.490383
1849.0	82.934534
9462.0	86.202891
8718.0	84.839456
8150.0	84.288634
7249.0	81.972942
6716.0	76.646228
1707.0	79.726084
6818.0	81.344878
6602.0	81.357579
21632.0	96.224295
5329.0	82.469183
4895.0	72.807837
1144.0	75.286427
5422.0	81.047441
5531.0	78.396071
5145.0	79.595018
5544.0	80.994483
6679.0	76.937485
1707.0	80.207709
6982.0	83.791435
7042.0	82.791002
6746.0	80.602480
8150.0	80.911699
8458.0	72.210979
2485.0	76.967656
8587.0	79.262551
8287.0	75.059424
8582.0	74.575669
8899.0	76.035475
8764.0	67.157290
1075.0	69.017934
8753.0	73.328874
8960.0	75.672565
9965.0	75.720928
10245.0	75.896924
10358.0	66.832132
1684.0	70.393294
11787.0	78.904584
10931.0	75.636355
9332.0	71.422493
9210.0	68.372825
8942.0	54.876850
2335.0	61.347526
10388.0	69.790254
10121.0	69.528864
9918.0	64.781111
9793.0	65.571256
8725.0	54.530311
2176.0	60.329403
10539.0	67.589607
9235.0	61.234563
7443.0	56.712249
7387.0	56.839980
6782.0	38.221491
1272.0	43.016204
7955.0	60.193828
8990.0	57.467370
7397.0	53.741301
7567.0	53.740154
7438.0	39.100400
1284.0	43.690001
10522.0	63.533746
10925.0	65.279351
10003.0	58.887393
8347.0	54.343108
7773.0	36.667526
1429.0	41.650464
8497.0	54.001019
6617.0	41.653210
12160.0	67.908052
4971.0	39.039095
4098.0	35.733157
1016.0	42.566284
4498.0	46.467894
3779.0	44.981540
3709.0	44.512841
3720.0	45.324897
3706.0	43.638415
1580.0	53.108065
5635.0	62.016470
5987.0	64.187974
5900.0	66.694563
5633.0	64.412897
4974.0	58.048646
1792.0	65.712671
5864.0	68.191370
5363.0	67.205259
4838.0	66.845630
4596.0	68.299559
4622.0	64.477196
1604.0	69.062997
5089.0	71.137715
5363.0	73.434728
4663.0	73.784535
4938.0	73.367064
4386.0	74.072610
1609.0	77.106257
4330.0	79.272761
4564.0	79.132184
3637.0	79.374824
3150.0	80.082020
2555.0	81.102779
1259.0	82.630930
3473.0	83.633757
2395.0	81.913334
1968.0	82.357134
2172.0	83.120414
2214.0	81.814320
2203.0	84.793941
2251.0	84.742262
2553.0	83.974791
1804.0	83.076862
1752.0	83.241008
2054.0	82.000552
1461.0	84.110022
2685.0	83.548349
2511.0	84.154197
2309.0	82.108057
2039.0	82.701332
2427.0	82.031350
749.0	83.164704
3112.0	83.739971
2762.0	84.090939
2353.0	82.364719
2714.0	82.701457
2398.0	82.240665
1968.0	84.798367
2782.0	83.683048
2902.0	82.922824
12987.0	86.417793
1196.0	80.671725
2148.0	80.318791
473.0	81.706805
2339.0	82.696529
2707.0	82.367435
2645.0	82.506275
2923.0	82.500463
2619.0	81.696794
1111.0	84.253665
2901.0	83.191258
2986.0	82.276456
2687.0	83.567023
2785.0	81.204533
2851.0	79.537134
1888.0	84.039847
3171.0	83.070192
3078.0	81.246407
3004.0	81.098192
3364.0	81.014054
3440.0	79.668020
635.0	81.255013
3745.0	83.119179
3561.0	81.008274
3642.0	81.504375
3731.0	80.785071
3616.0	79.676269
533.0	81.136499
3690.0	80.521957
3771.0	80.965708
4046.0	81.276246
3987.0	80.187192
3723.0	76.751698
1244.0	81.165255
4591.0	81.611385
4268.0	78.999427
4190.0	78.601889
4192.0	77.879151
4159.0	76.333894
1305.0	80.807226
5018.0	79.623718
4438.0	78.006328
4906.0	77.633422
4707.0	77.162192
4466.0	75.511119
561.0	77.115539
4762.0	79.265095
4348.0	76.692039
4559.0	76.420710
4490.0	76.840785
4237.0	73.856088
563.0	75.997502
4739.0	77.941574
4322.0	77.781867
4572.0	76.829917
3946.0	75.793150
4274.0	73.263453
1247.0	77.955806
4615.0	79.432423
