7099.0	81.048608
2497.0	79.155467
2668.0	79.079704
1290.0	84.055171
2949.0	84.361839
3012.0	84.116533
2949.0	85.187764
2618.0	84.786309
2397.0	85.168364
1112.0	87.162623
2657.0	87.093635
2319.0	86.346155
1768.0	85.115447
1828.0	86.757519
1922.0	86.674693
1427.0	90.907150
2372.0	89.409086
2099.0	90.147302
2187.0	90.564533
2253.0	91.434907
2047.0	90.526513
1361.0	92.831451
2280.0	92.633526
2261.0	92.450301
2556.0	93.188463
2572.0	93.498444
2476.0	92.867828
4160.0	94.255929
3309.0	94.157220
2878.0	93.719516
2629.0	94.033387
2925.0	93.550378
2682.0	93.550494
1855.0	95.412434
2988.0	94.281175
2758.0	94.762104
3106.0	94.599172
3009.0	94.588365
3180.0	94.162297
2054.0	95.930573
3024.0	95.355607
3331.0	95.241028
3794.0	95.053391
3689.0	95.157544
3132.0	94.205832
2346.0	95.908933
3661.0	94.726888
3560.0	94.411948
3618.0	94.960924
3533.0	94.378965
3902.0	94.596902
2230.0	95.959302
3902.0	94.881599
4363.0	95.282222
3891.0	94.604735
4885.0	95.430432
4389.0	94.743216
2548.0	95.929842
4610.0	95.871662
5106.0	95.860890
15643.0	96.624692
3954.0	95.906938
3639.0	95.054260
1726.0	95.696485
3591.0	95.840151
2891.0	96.454266
2224.0	94.652491
1927.0	94.573993
1535.0	94.349127
4801.0	94.862960
3124.0	95.296586
1525.0	94.905208
4315.0	95.053742
2875.0	95.212938
4310.0	95.145675
1110.0	95.304901
3079.0	95.420873
4088.0	95.462341
5546.0	95.231258
4147.0	95.318043
4407.0	94.990439
965.0	95.106897
3822.0	95.547402
4763.0	95.250400
3457.0	95.340286
4911.0	95.530814
3994.0	95.468341
593.0	95.547168
4891.0	95.717910
4132.0	95.742889
5170.0	95.499927
4105.0	95.745268
5062.0	95.387771
717.0	95.457309
4668.0	95.507415
5043.0	95.690971
10175.0	95.188024
5710.0	95.065718
6167.0	94.653595
810.0	94.688071
6694.0	95.373799
6013.0	95.232542
6434.0	95.409946
6105.0	95.699989
6565.0	94.955612
761.0	95.081131
6390.0	95.309185
7109.0	94.999852
7019.0	95.762178
7684.0	96.317827
6694.0	95.526596
883.0	95.606832
8939.0	96.040729
7470.0	96.455721
8639.0	96.161546
8251.0	96.142841
7344.0	95.345652
1895.0	95.683594
7898.0	96.509172
6361.0	96.591703
18798.0	97.263172
4441.0	96.271223
4875.0	95.193565
323.0	95.228653
4453.0	96.545028
5125.0	96.443598
4816.0	96.664480
5006.0	96.291060
5017.0	95.350537
1100.0	95.439317
5586.0	96.579256
5481.0	96.362849
6253.0	96.503484
4909.0	96.777005
5556.0	95.527497
4193.0	95.707406
6489.0	96.647577
6518.0	96.714844
6374.0	96.620775
5214.0	96.601232
5939.0	95.733633
3979.0	95.962963
9591.0	97.258717
6194.0	96.824069
6144.0	97.141641
7977.0	96.900403
5971.0	95.793484
4327.0	96.225441
6545.0	97.254940
6775.0	97.455582
9082.0	96.668540
5972.0	96.898853
6378.0	94.857860
478.0	94.932599
7048.0	97.066781
6872.0	97.443192
6970.0	97.121779
6379.0	96.925866
6799.0	95.086505
1058.0	95.297906
6676.0	97.241415
6721.0	97.303212
6573.0	97.147207
6476.0	97.116543
6544.0	95.410259
1067.0	95.643338
6469.0	97.495118
6497.0	97.631101
5713.0	96.983285
5148.0	97.040608
5081.0	94.939438
2549.0	95.422292
6154.0	97.618950
4849.0	96.603019
4491.0	97.023263
4842.0	96.421825
4890.0	94.643458
2205.0	95.423653
5319.0	97.081225
4243.0	96.948274
19871.0	97.668861
3314.0	96.213877
3097.0	95.198702
1831.0	95.849421
4887.0	96.395944
4006.0	96.530933
4817.0	96.341490
4458.0	96.075648
4365.0	95.112678
1565.0	95.840577
5518.0	96.223893
4648.0	96.166428
5221.0	95.854695
5402.0	95.710925
5842.0	94.315894
2169.0	95.330580
5337.0	95.769556
5338.0	94.728087
4746.0	94.509971
4743.0	94.177959
4509.0	92.044423
2106.0	93.534478
4737.0	94.082094
3922.0	93.399907
4345.0	93.023276
3656.0	93.746868
3583.0	93.760557
1956.0	94.558621
3894.0	95.069397
3346.0	94.790680
4161.0	94.883908
2941.0	94.624870
2620.0	94.547298
4553.0	94.829414
4771.0	94.770614
2755.0	94.899918
3379.0	94.610391
4041.0	94.761887
2186.0	94.383299
1166.0	94.826715
4233.0	95.327403
3167.0	94.858592
4051.0	94.935470
3411.0	95.021479
3387.0	94.770995
1032.0	95.063097
4090.0	94.996929
2790.0	95.213803
2265.0	95.514434
3367.0	95.149239
2763.0	94.917861
498.0	94.945601
2376.0	95.185547
3046.0	95.060066
1492.0	95.149590
3229.0	95.176568
2676.0	95.190256
470.0	95.159610
2210.0	95.329912
2097.0	95.254764
12933.0	95.526076
2974.0	94.787891
3146.0	94.439362
953.0	94.701323
3708.0	94.957590
4284.0	94.976430
4726.0	95.164918
4639.0	95.181868
3828.0	94.673571
997.0	94.975146
4225.0	95.214095
4141.0	95.228545
5100.0	95.366242
4649.0	95.244729
3971.0	94.799600
627.0	94.917590
4047.0	95.214025
4687.0	95.246664
5922.0	94.958032
5339.0	95.133952
4667.0	94.524325
719.0	94.630988
4911.0	95.279846
5461.0	95.452835
5612.0	95.158742
5008.0	95.484690
5530.0	94.816470
755.0	94.941259
5441.0	95.350384
6312.0	95.590190
5872.0	95.790013
6480.0	95.624484
5478.0	95.074272
865.0	95.240508
6260.0	96.072663
5469.0	96.278937
10692.0	94.958052
5268.0	95.243529
6166.0	95.199394
1059.0	95.318977
5489.0	96.272614
5901.0	96.179167
5925.0	95.728854
6155.0	95.820957
5948.0	95.080636
559.0	95.143093
5737.0	95.606984
6088.0	95.454756
6392.0	95.695095
5716.0	95.512696
5889.0	94.924525
537.0	95.016572
6004.0	95.616458
6282.0	95.841246
6884.0	95.586133
8102.0	95.654953
9777.0	91.378161
4515.0	92.868258
10692.0	87.860556
11349.0	85.386846
36865.0	93.869660
11260.0	88.813007
12963.0	87.947621
569.0	88.124037
11189.0	90.830959
11763.0	92.303109
11972.0	93.510720
10566.0	93.678800
11700.0	89.883079
1786.0	90.481386
12286.0	96.830952
9801.0	95.907431
8102.0	91.332784
3406.0	82.737525
3679.0	71.621486
291.0	72.276927
3366.0	75.413957
3514.0	74.916999
4426.0	75.069733
5870.0	78.255967
7008.0	79.014080
1577.0	80.876171
11787.0	87.382805
14809.0	91.348660
13457.0	91.352932
12652.0	90.505341
11315.0	85.010950
1223.0	85.727938
10973.0	87.561925
9826.0	85.346151
8225.0	80.887169
6123.0	77.297622
5831.0	70.987435
1138.0	73.275403
8489.0	79.859488
10374.0	83.277190
11615.0	85.128342
13213.0	87.510310
11962.0	82.800581
1252.0	83.715099
12016.0	87.345112
10934.0	86.920015
10302.0	86.181652
8915.0	83.557044
7102.0	74.621507
1288.0	77.203659
8394.0	83.336267
9560.0	85.767653
11269.0	88.469173
11696.0	88.877450
10340.0	84.290332
1504.0	85.262550
12782.0	90.807915
10212.0	88.892628
10540.0	88.982685
9859.0	88.970489
7933.0	81.712693
1391.0	83.625508
8750.0	89.185153
7688.0	88.961605
14273.0	94.797885
5785.0	90.406110
5713.0	87.501549
1515.0	89.574487
7269.0	92.218101
8754.0	93.077729
9935.0	93.748925
9445.0	92.930859
8835.0	86.429269
1942.0	88.295699
8672.0	92.023409
9016.0	90.700645
9222.0	91.271435
9101.0	89.822644
8171.0	83.434644
1571.0	85.348955
8127.0	88.701791
8013.0	89.597164
6834.0	87.366848
7027.0	87.610180
7540.0	83.072144
1587.0	85.160817
8335.0	91.435568
9031.0	91.596016
9086.0	91.601280
8940.0	90.368884
9101.0	84.355945
2112.0	86.421644
9520.0	89.154306
9512.0	89.354569
10235.0	87.798617
9755.0	87.919940
9341.0	82.786722
2334.0	85.231316
9475.0	87.559213
8095.0	85.835645
8040.0	85.642813
7554.0	84.618593
9117.0	84.150634
1829.0	85.587215
9374.0	88.141274
9393.0	89.927305
9299.0	89.133391
9014.0	89.763737
9508.0	84.572841
2115.0	86.677703
10409.0	90.472230
10480.0	89.275908
9685.0	88.962567
9456.0	88.468702
9593.0	84.883975
2303.0	87.194707
10890.0	88.763220
9636.0	87.488438
10010.0	88.212244
8967.0	86.786576
8872.0	82.118682
2127.0	84.751748
8688.0	85.710953
8296.0	86.653358
25348.0	98.066612
7527.0	88.857627
7703.0	81.683583
1767.0	84.173536
7979.0	89.715048
7591.0	86.338447
6882.0	86.512793
7214.0	87.219733
7650.0	80.663263
1867.0	83.534678
8379.0	87.980873
8799.0	87.593176
8160.0	84.975399
9664.0	84.888459
10369.0	77.719025
2922.0	81.668670
11612.0	85.932944
10837.0	82.247236
11319.0	82.585023
11647.0	83.799032
11125.0	74.007913
1520.0	76.170427
11622.0	82.766075
11737.0	82.952561
12259.0	82.583003
11751.0	80.198007
12085.0	71.897676
2211.0	75.319811
13404.0	81.377389
12580.0	80.220944
11579.0	77.989582
12226.0	76.504494
12101.0	63.893530
1965.0	67.735752
13457.0	78.372849
11960.0	74.552480
11149.0	69.220369
11202.0	70.074307
9955.0	58.087224
2413.0	64.037710
13037.0	75.676328
12216.0	70.635080
10092.0	67.733488
9060.0	65.848271
8793.0	47.256789
2346.0	55.510384
9874.0	69.332930
10299.0	62.260697
9144.0	62.474591
9460.0	61.830820
8308.0	43.857979
1565.0	48.393266
12697.0	70.572077
12832.0	72.170651
10841.0	61.969779
8791.0	55.890164
7722.0	36.149444
1468.0	41.405130
9269.0	57.318968
8261.0	49.503461
13767.0	71.997369
4988.0	40.365037
4087.0	36.328866
1007.0	42.062125
5528.0	51.049603
6095.0	59.905247
7913.0	68.497784
7267.0	67.240026
7266.0	65.102792
2392.0	71.793201
8429.0	75.600936
7729.0	73.376679
7627.0	74.407092
7732.0	75.043698
7474.0	71.268028
1326.0	73.899601
7427.0	75.225100
7020.0	75.267051
6043.0	73.217566
5655.0	73.890086
6168.0	71.336156
1792.0	75.300270
6626.0	77.889567
6327.0	78.900928
5940.0	79.433735
6215.0	78.992706
5357.0	78.901142
2150.0	82.264361
5090.0	83.343504
5334.0	82.355368
4355.0	82.543597
3620.0	82.836396
2619.0	83.344815
2462.0	85.916306
3928.0	85.758020
3728.0	85.982890
3061.0	86.491147
3174.0	86.703133
3173.0	86.014207
1037.0	86.909777
2559.0	86.788522
3011.0	86.525801
2977.0	86.906612
2714.0	87.013953
2962.0	86.067178
771.0	86.937042
2962.0	85.926591
3043.0	86.528796
3513.0	86.282390
2962.0	86.561995
3383.0	86.140000
788.0	86.915515
3382.0	86.432505
3060.0	86.606965
3467.0	86.089893
3173.0	85.332659
2989.0	85.508569
882.0	86.667211
3333.0	86.160417
3402.0	85.838128
13867.0	88.205935
1778.0	83.908293
2426.0	82.228461
1489.0	85.432787
2732.0	85.456365
3218.0	85.368687
3123.0	85.376672
3437.0	85.022733
3153.0	84.722512
590.0	85.533108
3520.0	85.499388
3620.0	84.944513
3218.0	85.839601
3813.0	85.105067
3254.0	82.618655
1389.0	85.217664
3802.0	85.494185
4062.0	84.739855
3917.0	85.169252
4287.0	85.027495
3675.0	81.961786
1237.0	84.556359
4214.0	85.271224
4228.0	84.118251
3895.0	83.159763
4087.0	82.644336
3994.0	81.720979
1685.0	85.257229
4751.0	85.477824
3974.0	82.619536
4451.0	82.749613
4284.0	82.463289
4670.0	80.442521
997.0	83.169499
4913.0	83.136805
5227.0	82.243182
5101.0	82.004157
5151.0	82.125925
5063.0	79.573801
966.0	81.884020
5407.0	81.807269
5572.0	81.220325
5482.0	78.815400
5293.0	79.004492
5012.0	77.218841
1230.0	80.477892
5319.0	81.177169
5046.0	79.593895
5135.0	78.631797
5187.0	80.126854
4919.0	77.675911
1474.0	81.822603
5176.0	79.630744
4779.0	79.385916
4982.0	79.295936
4711.0	80.343982
5153.0	77.939823
2048.0	83.295241
5418.0	82.429904
