8418.0	85.655984
3168.0	84.127098
3691.0	84.679072
1244.0	87.919165
3881.0	88.906642
3958.0	88.674519
3696.0	88.905027
3470.0	89.512713
3140.0	88.078752
929.0	90.222719
2990.0	89.068082
3110.0	90.225016
2388.0	88.469144
2522.0	90.584499
2450.0	89.088723
4456.0	92.201766
3773.0	93.162156
3127.0	93.260121
3162.0	93.609399
2957.0	93.372761
3560.0	92.993155
2195.0	94.419668
3746.0	94.445667
3779.0	94.323652
3710.0	94.521451
3965.0	94.898691
3533.0	94.313643
2152.0	95.647326
4230.0	95.820939
4236.0	95.735173
3641.0	95.205184
4009.0	94.857660
3535.0	94.925845
2716.0	96.160330
3765.0	95.638444
4573.0	95.774941
4017.0	95.929943
5144.0	95.699877
4401.0	95.781373
4951.0	96.408368
5308.0	96.372260
7205.0	96.436244
6591.0	95.569520
6930.0	95.701206
5356.0	95.256998
2651.0	96.425276
7140.0	95.555973
5959.0	95.731653
6469.0	95.908624
6444.0	95.924358
6450.0	95.436157
3367.0	96.695372
7062.0	96.009690
6761.0	95.779673
6169.0	95.559622
7112.0	95.704447
6091.0	95.307969
3080.0	96.345647
7056.0	96.257931
7371.0	96.132408
18818.0	97.105542
5247.0	96.208511
5007.0	95.535902
2808.0	96.158013
5345.0	96.669744
5182.0	96.695190
5920.0	95.827025
4518.0	95.712800
4071.0	95.471530
664.0	95.560015
3541.0	95.792854
5379.0	95.628352
3242.0	95.444630
3084.0	95.699570
5084.0	95.312892
2298.0	95.408081
3949.0	95.880459
4673.0	95.533951
6445.0	95.637747
4865.0	95.788262
5298.0	95.502137
2330.0	95.774896
4754.0	95.623972
6297.0	95.750622
4258.0	95.889861
6246.0	95.811430
5039.0	95.611706
2384.0	95.948920
7929.0	96.229265
5042.0	96.337743
6595.0	95.805008
5299.0	95.869224
6562.0	95.437276
2553.0	95.870133
6644.0	96.089527
8109.0	96.272970
11819.0	95.047534
8684.0	95.601568
7733.0	94.993074
4246.0	95.577122
8414.0	95.835206
7453.0	95.685526
8193.0	95.910215
7592.0	96.058692
8311.0	95.133720
3517.0	95.509428
10156.0	96.120354
8815.0	95.573473
8530.0	96.179735
9510.0	96.556749
8055.0	95.622661
3784.0	96.174144
11112.0	96.275237
8981.0	96.729880
10399.0	96.681100
9812.0	96.531743
8780.0	95.874446
2586.0	95.953760
9356.0	96.941574
7566.0	96.991220
32767.0	97.611153
7333.0	96.818559
8387.0	95.979620
606.0	96.070894
6678.0	97.036473
9393.0	97.049274
7321.0	97.114418
7809.0	96.999140
8026.0	96.067255
3614.0	96.391240
8797.0	97.346138
9178.0	97.296406
10913.0	97.126507
7693.0	97.268144
9382.0	96.112815
956.0	96.141184
8483.0	97.311889
8860.0	97.330812
8673.0	97.233397
8454.0	97.245699
8096.0	96.318925
3873.0	96.566261
11239.0	97.418636
8495.0	97.447532
7995.0	97.531397
9986.0	97.467265
7232.0	96.210875
3556.0	96.483926
8008.0	97.588484
8347.0	97.898370
14886.0	97.186586
10620.0	97.573222
11737.0	95.912790
2507.0	96.219945
12062.0	97.794379
11669.0	98.009658
11331.0	97.633143
10494.0	97.652094
11768.0	95.705384
3499.0	95.977862
10739.0	97.715986
11270.0	97.761526
10991.0	97.853263
11019.0	97.541899
10740.0	95.800058
3455.0	96.112820
11034.0	98.041956
10939.0	98.190014
9396.0	97.829198
7719.0	97.431146
7518.0	95.406092
5990.0	95.759188
10556.0	98.114076
6832.0	97.253182
6182.0	97.515309
6796.0	96.935002
7014.0	95.423202
5934.0	95.789457
9857.0	97.471669
6178.0	97.555184
24760.0	97.897213
4399.0	96.715414
4373.0	95.639459
3431.0	95.890027
6168.0	96.901192
4815.0	96.766623
5731.0	96.883977
5688.0	96.777582
5194.0	95.841321
3918.0	96.094484
8968.0	97.395903
5566.0	97.042698
6765.0	97.235932
6009.0	96.340034
6825.0	95.092040
4340.0	95.977512
5979.0	96.265551
6344.0	95.831912
5543.0	95.285771
5713.0	94.477764
5437.0	92.924094
4150.0	94.457864
6886.0	95.261189
5711.0	94.306908
6212.0	94.437858
5330.0	94.925079
5249.0	94.458229
3106.0	95.196374
5408.0	95.617133
4337.0	95.470921
5742.0	95.395147
4102.0	95.346321
4082.0	95.070391
984.0	95.197639
4890.0	95.188468
3379.0	95.501152
3993.0	95.284032
4261.0	95.225122
2781.0	95.214899
69.0	95.222915
4446.0	95.552591
3807.0	95.547666
4436.0	95.401034
3878.0	95.436807
4265.0	95.265764
2442.0	95.476352
4533.0	95.470288
2777.0	95.440362
2418.0	95.876489
4029.0	95.392168
2599.0	95.124778
1784.0	95.272073
2584.0	95.643136
3941.0	95.671839
1773.0	95.344267
3979.0	95.587136
3158.0	95.489039
2412.0	96.036242
2524.0	95.858347
2701.0	95.702812
21801.0	95.833106
3184.0	94.973293
3615.0	94.985636
1833.0	95.281024
4632.0	95.450693
4412.0	95.253685
5055.0	95.435575
4857.0	95.362090
4795.0	95.084889
1327.0	95.290095
5192.0	95.593364
5077.0	96.081401
6282.0	95.898437
5633.0	95.640124
4156.0	94.742065
3224.0	95.437037
4479.0	95.489341
5871.0	95.541594
7348.0	95.513450
6486.0	95.398729
5008.0	94.934669
1735.0	95.255313
6209.0	95.720474
6780.0	95.787633
6787.0	95.646817
6306.0	95.715348
6908.0	94.944586
2978.0	95.426069
6643.0	95.699979
7932.0	96.020550
7126.0	95.922989
6967.0	95.888293
6106.0	95.363126
3889.0	95.867357
7656.0	96.219062
6660.0	96.487770
10929.0	95.545919
7254.0	95.980665
7260.0	95.770244
2333.0	95.865467
6819.0	96.736930
7423.0	96.602003
6283.0	96.313826
6588.0	96.294479
6559.0	95.102045
1967.0	95.303529
7172.0	96.224092
7581.0	95.772602
7485.0	95.951576
6229.0	95.588846
7323.0	95.209876
2278.0	95.613533
7317.0	95.821777
7359.0	96.020239
7428.0	95.697669
8852.0	95.760486
10312.0	91.599242
5181.0	93.164650
12063.0	88.442142
12984.0	86.552098
47412.0	95.987465
11918.0	89.780623
13497.0	88.345870
1794.0	88.937946
13205.0	92.411369
13803.0	93.660086
12190.0	94.188227
12976.0	95.744367
15398.0	91.708698
2818.0	92.213214
16392.0	98.869488
14252.0	98.650886
11570.0	95.351525
5716.0	91.216651
6812.0	82.473944
912.0	83.431365
7129.0	89.233607
9185.0	91.318276
11497.0	93.232574
14816.0	94.743486
14887.0	91.132374
2940.0	91.747738
18036.0	94.953015
15534.0	94.078008
9967.0	90.146070
10378.0	88.996679
11407.0	84.290382
1788.0	85.768243
15493.0	91.105346
14472.0	91.385156
14637.0	90.478686
12014.0	89.806916
13071.0	85.921624
2155.0	86.830989
18708.0	93.297905
16786.0	92.674532
14149.0	91.481365
13831.0	91.165691
11566.0	83.914414
1513.0	84.882225
14441.0	90.358622
13266.0	90.722491
13298.0	90.277513
12627.0	89.758199
10836.0	82.582916
1553.0	84.116361
16370.0	93.670309
16763.0	94.386263
15136.0	93.725728
14240.0	92.677861
12699.0	88.261045
1297.0	89.014576
17906.0	94.854704
16151.0	94.783802
15313.0	94.532935
13188.0	93.884260
11060.0	86.974947
1792.0	88.272016
14315.0	94.680591
11733.0	94.465014
18727.0	97.310740
8457.0	94.495005
8160.0	91.642265
2058.0	92.815673
10701.0	95.955818
11619.0	96.199101
12684.0	96.755386
11767.0	95.948995
11527.0	90.074748
1659.0	91.018660
11675.0	95.897627
11965.0	95.422074
11291.0	94.752274
11886.0	94.098109
11554.0	88.733272
1661.0	89.680688
10920.0	93.932624
10328.0	93.776752
10165.0	93.235026
9516.0	92.978480
10083.0	87.766636
2809.0	89.799046
11802.0	96.015482
11855.0	95.792364
10430.0	94.573668
10811.0	93.488997
11079.0	87.912708
1757.0	88.824747
13673.0	94.553911
12122.0	93.501168
13922.0	92.887386
13112.0	92.898093
12290.0	87.693507
2684.0	89.432660
14191.0	93.806572
12723.0	93.439974
12474.0	92.998508
10268.0	91.100518
10031.0	87.037029
2684.0	88.970945
11221.0	91.809846
11317.0	93.304313
11677.0	92.872110
12728.0	93.966639
12726.0	89.006403
2423.0	90.299323
13932.0	94.348886
14067.0	93.339755
12503.0	92.797635
12776.0	92.743890
12590.0	88.646713
1668.0	89.674262
14309.0	92.790027
13929.0	92.833302
13213.0	92.542646
12141.0	92.163753
11702.0	87.258345
2653.0	88.730887
11047.0	90.632200
10767.0	91.105003
31061.0	100.000000
9536.0	92.379436
8845.0	84.617481
1325.0	85.842182
8033.0	90.208773
9061.0	89.233023
9206.0	90.907092
8143.0	89.959514
9236.0	84.354885
1983.0	86.010677
9872.0	89.937716
9942.0	89.603570
10742.0	89.880179
11564.0	88.817950
13149.0	82.961793
1856.0	84.452606
13814.0	89.612741
13552.0	87.594655
14318.0	87.083834
14249.0	87.441870
14252.0	79.695312
1640.0	81.286253
14781.0	87.388023
14485.0	87.900596
15958.0	88.663501
16443.0	88.321665
16560.0	79.594410
1873.0	81.046360
17606.0	89.011434
17665.0	89.107499
17249.0	88.370323
15253.0	83.867099
14669.0	70.357558
2380.0	73.939251
17621.0	85.382275
15876.0	83.542166
15816.0	80.854899
15618.0	81.751238
13655.0	68.128284
2273.0	71.653210
17781.0	84.155240
17194.0	81.230261
13520.0	78.981492
12417.0	76.899490
12176.0	60.895788
2251.0	65.278394
17133.0	88.733376
15781.0	78.876477
12549.0	75.837430
12230.0	73.454970
10528.0	52.778669
1591.0	56.920708
17845.0	82.766387
17588.0	83.772554
15340.0	75.991692
11063.0	66.025893
9098.0	41.812290
1705.0	47.541553
12785.0	68.125326
13738.0	67.057738
17773.0	80.404809
10297.0	65.231358
7870.0	58.342822
1741.0	63.646335
10303.0	73.856618
10338.0	76.383408
10330.0	77.017907
10282.0	78.628580
10421.0	74.876906
2684.0	79.175282
11423.0	83.035003
10921.0	82.305913
10606.0	82.386708
10867.0	82.611109
10499.0	79.685774
883.0	80.831327
10449.0	82.726448
9462.0	82.690080
9456.0	83.101143
8854.0	83.406898
9426.0	81.427549
2901.0	84.695450
8701.0	84.989392
8556.0	85.284686
8071.0	85.301545
8627.0	84.836198
6710.0	83.604738
3108.0	86.682939
7070.0	87.633763
6436.0	86.482296
5620.0	86.755965
5068.0	87.251965
4316.0	88.088710
2985.0	89.741754
5849.0	89.634449
5352.0	89.865043
4477.0	90.452982
4798.0	90.196573
3907.0	88.815314
1613.0	89.963850
3979.0	90.604368
4333.0	90.169224
4306.0	90.020579
4069.0	90.487523
4481.0	89.759067
1399.0	90.298801
4421.0	89.829707
4423.0	90.266763
4979.0	89.730993
4399.0	90.140875
4775.0	89.525748
1256.0	90.409601
4846.0	89.931510
4433.0	90.348716
4939.0	90.258933
4129.0	89.131947
3937.0	89.016925
2093.0	90.782852
4726.0	89.835791
4868.0	89.300064
16880.0	90.886604
2483.0	87.118230
3822.0	86.698151
1060.0	88.173452
4116.0	89.569895
4570.0	89.424341
4585.0	89.680869
4861.0	89.626613
3920.0	87.937163
1839.0	89.796914
4948.0	89.600959
5038.0	89.109987
4485.0	89.908492
5273.0	89.324697
4520.0	86.834108
1633.0	88.739001
5240.0	89.343612
5552.0	88.996420
5246.0	89.402643
4978.0	87.686758
5175.0	86.376303
1518.0	88.434315
5722.0	89.802906
5578.0	88.525674
5369.0	87.845913
5491.0	88.013642
5365.0	86.444300
1048.0	87.971241
6359.0	89.371194
5480.0	87.730538
5915.0	87.638283
5798.0	87.393404
6296.0	86.165212
1112.0	87.801201
6660.0	88.473391
6917.0	87.996817
6350.0	87.169019
6403.0	86.747903
6400.0	84.694925
1730.0	87.368783
7294.0	87.308406
6861.0	86.210986
6978.0	84.106045
6724.0	83.776192
6381.0	82.025406
2192.0	86.061002
6689.0	85.604164
6458.0	84.662992
6706.0	84.856372
6251.0	84.447179
6062.0	81.512232
1919.0	85.279532
7015.0	85.907045
6263.0	84.689491
6424.0	83.616875
5893.0	84.200375
6550.0	82.155270
1880.0	85.676867
7338.0	88.116376
