8418.0	85.655984
3168.0	84.127098
3596.0	83.957745
1000.0	87.026505
3678.0	87.960898
3748.0	88.048698
3535.0	87.853650
3201.0	88.106430
3178.0	88.339987
754.0	89.898605
2921.0	88.545064
2582.0	88.243770
2409.0	88.462790
2310.0	89.125991
2540.0	89.005175
1565.0	91.595744
3096.0	92.225737
2990.0	93.165239
2956.0	93.332579
2665.0	92.230891
4293.0	92.238421
3378.0	94.440231
3727.0	94.482375
3775.0	93.961356
3634.0	94.312053
3653.0	94.229600
3303.0	93.845419
2340.0	95.569454
3884.0	95.118749
3938.0	95.159955
3444.0	95.153406
3958.0	95.153730
3483.0	94.735255
3863.0	95.966070
3772.0	95.802370
3418.0	95.836349
3934.0	95.873656
3779.0	95.536726
4018.0	95.204450
5150.0	95.967930
4923.0	95.766671
5225.0	95.662385
5568.0	95.430119
5795.0	95.715954
4527.0	95.002562
4498.0	96.436536
6863.0	95.450818
5998.0	95.502341
6584.0	95.773315
5618.0	95.319320
6202.0	95.064062
3009.0	96.348997
6627.0	95.663991
6709.0	95.761463
6441.0	95.733681
7482.0	96.098588
6207.0	95.240240
3314.0	96.375735
6994.0	96.634558
7851.0	96.405772
18818.0	97.105542
5201.0	96.118639
4819.0	95.438633
3407.0	96.202916
5938.0	96.725612
5992.0	96.758098
4868.0	95.233479
4787.0	95.278365
4049.0	95.008967
599.0	95.114821
3503.0	95.495434
4724.0	95.604425
3328.0	95.712970
3166.0	95.696302
4515.0	95.220412
570.0	95.372843
3190.0	95.702791
4706.0	95.509237
5930.0	95.610800
5055.0	95.893040
5440.0	95.345790
2394.0	95.536539
4873.0	95.702238
5142.0	95.629065
3637.0	95.597820
5321.0	95.509339
5971.0	95.649073
2641.0	95.992541
6085.0	95.974605
5144.0	96.095929
6628.0	95.905845
5284.0	95.917442
6520.0	95.851553
2559.0	96.006138
5194.0	96.102720
6183.0	95.970449
11587.0	95.461822
7281.0	95.546042
6621.0	94.780764
2746.0	95.088738
8585.0	95.797893
7543.0	95.741799
8084.0	95.680979
7628.0	95.695071
8428.0	95.155085
3678.0	95.689556
7808.0	95.788889
9038.0	95.584540
8604.0	96.059127
8150.0	96.442568
6909.0	95.645661
3168.0	95.724904
11096.0	96.361634
7889.0	96.614707
10479.0	96.789876
9855.0	96.550195
8784.0	95.715940
2706.0	95.964591
9287.0	97.038964
7536.0	96.864392
28354.0	97.387602
6618.0	96.631899
8115.0	95.730315
1204.0	95.963904
6639.0	97.105872
8532.0	97.055575
7425.0	97.206231
7856.0	97.102099
7934.0	95.908268
946.0	96.074732
9008.0	97.267578
8409.0	97.080432
11181.0	97.096254
7369.0	97.105117
8922.0	95.728204
2102.0	96.099574
8693.0	97.179561
8158.0	97.181690
7964.0	97.145780
8742.0	97.339754
7837.0	96.280425
1039.0	96.402145
11028.0	97.437132
7870.0	97.209996
7720.0	97.477495
10146.0	97.545527
7683.0	96.196769
1109.0	96.265011
8220.0	97.556683
7446.0	97.769438
14954.0	97.290556
9824.0	97.450600
10715.0	95.672445
2927.0	96.034079
11520.0	97.779202
9919.0	97.859992
11535.0	97.632503
10623.0	97.573750
11711.0	95.686004
3275.0	96.004591
10673.0	97.808809
11251.0	97.713471
11010.0	97.878937
10908.0	97.665087
6954.0	95.491970
4583.0	95.896179
11246.0	97.877974
6889.0	97.734383
9270.0	97.565618
7575.0	97.699069
7495.0	95.519806
817.0	95.567232
6842.0	97.610526
7243.0	97.286988
6332.0	97.414968
6829.0	97.054825
7006.0	95.513737
610.0	95.483324
6211.0	97.446113
5681.0	97.281037
24760.0	97.897213
4399.0	96.715414
4373.0	95.639459
3408.0	95.863404
5701.0	96.751027
4605.0	96.658505
5849.0	96.833542
5714.0	96.782654
5164.0	95.792809
3415.0	96.006685
7911.0	96.867229
5155.0	96.613456
6296.0	96.927691
5679.0	95.906679
6591.0	94.853133
4267.0	95.534783
6021.0	96.185406
6325.0	95.854686
5537.0	95.909619
5621.0	94.983306
5711.0	93.524911
4027.0	94.674161
6644.0	95.074350
5803.0	95.007020
4779.0	93.981211
5770.0	94.501731
5185.0	94.470619
2638.0	94.909231
5131.0	95.348011
4206.0	95.472668
5787.0	95.098573
4081.0	95.077989
4094.0	94.772893
1123.0	94.985731
4950.0	95.243218
2846.0	95.198767
3634.0	95.077755
4413.0	95.144899
2382.0	94.950570
534.0	95.049356
4275.0	95.629626
3836.0	95.529003
4511.0	95.332740
3827.0	95.282618
3782.0	95.207716
627.0	95.336953
4626.0	95.339679
2822.0	95.335736
2416.0	95.426524
4093.0	95.180030
2561.0	94.845586
2281.0	95.036766
2626.0	95.377899
3941.0	95.357935
1829.0	95.275101
3908.0	95.572233
3195.0	95.616828
125.0	95.620047
2702.0	95.646710
2848.0	95.634601
21850.0	95.833199
3281.0	94.901172
3571.0	94.840836
2011.0	95.000413
4745.0	95.420457
4439.0	95.223715
5174.0	95.265347
4915.0	95.338164
4512.0	95.084118
1711.0	95.390434
5245.0	95.626043
5147.0	96.150201
5683.0	95.772423
5173.0	95.537144
4375.0	94.894480
2267.0	95.340223
4634.0	95.493269
6033.0	95.489235
7328.0	95.244757
6477.0	95.391662
5142.0	94.951656
3732.0	95.469568
6060.0	95.557696
6725.0	95.866002
6799.0	95.689766
6275.0	95.853188
5872.0	94.799866
1541.0	95.177218
6824.0	95.806145
6789.0	95.777118
6419.0	95.572741
7023.0	95.729599
6196.0	95.314106
1939.0	95.501034
7772.0	96.172312
6764.0	96.442809
11808.0	95.773207
6509.0	95.836277
6735.0	95.641379
2787.0	95.809164
6899.0	96.906996
6491.0	96.389128
6377.0	95.880703
6791.0	96.111071
6536.0	95.155312
2093.0	95.463230
7162.0	96.155814
7668.0	95.943319
6632.0	95.922102
6229.0	95.670549
6266.0	95.138278
1758.0	95.254929
7474.0	95.647375
7409.0	96.091749
7397.0	95.613721
8759.0	95.682609
10858.0	91.790670
4705.0	93.034015
13224.0	89.469035
14306.0	87.875911
46275.0	95.934660
12044.0	89.799305
12898.0	88.077876
1779.0	88.622698
13602.0	92.362879
14167.0	93.856125
13365.0	94.559066
12057.0	95.628624
13271.0	91.234031
2245.0	91.834193
15400.0	98.678336
12879.0	98.123650
10761.0	94.592066
5094.0	88.941916
5043.0	78.091863
760.0	79.150774
6691.0	86.881476
8107.0	89.617026
10369.0	91.191541
13175.0	93.220120
15192.0	90.836921
2503.0	91.337379
19035.0	95.420893
14958.0	93.750084
13188.0	92.794312
11439.0	90.923076
10561.0	84.303030
1512.0	85.549963
12926.0	90.005562
13062.0	90.104521
12722.0	88.354181
10948.0	88.225970
11242.0	83.942879
1452.0	84.649219
15828.0	90.942366
15415.0	91.194183
12372.0	89.700095
10478.0	86.797646
9115.0	79.141463
970.0	80.209068
13343.0	88.095435
15595.0	91.631006
15111.0	91.794812
13607.0	91.004362
11596.0	84.041964
1092.0	85.091221
13548.0	91.436044
16727.0	93.898588
13713.0	92.170219
12608.0	91.475408
9911.0	84.982470
1068.0	86.037364
12661.0	91.060094
16647.0	94.881981
15108.0	94.039439
13368.0	93.680959
11440.0	87.692191
1655.0	88.874763
12026.0	93.413449
10549.0	93.379698
18086.0	97.448289
8836.0	95.194073
8672.0	92.507770
2256.0	93.580101
11303.0	96.908877
12205.0	96.809702
13758.0	97.412940
11830.0	96.156825
11041.0	89.747822
1917.0	90.906214
11280.0	95.746032
11926.0	95.111977
10467.0	93.759311
11406.0	93.804991
10854.0	88.021016
1727.0	89.131077
12168.0	95.042274
10529.0	94.091117
10309.0	93.802784
9453.0	93.071720
10368.0	88.597969
2487.0	90.268069
12488.0	96.653105
12148.0	96.142191
11688.0	95.386434
11770.0	94.631774
12093.0	89.060044
2279.0	90.382788
13848.0	94.771281
13045.0	94.152154
14154.0	93.302684
12610.0	92.593532
12320.0	87.682991
2656.0	89.294206
13881.0	93.483038
12224.0	93.003896
11536.0	92.286158
10934.0	91.915887
10231.0	87.443271
2519.0	89.245265
12238.0	92.927206
11454.0	93.588498
10535.0	91.575270
10698.0	92.175025
11313.0	87.282839
3186.0	89.632955
13152.0	93.063583
13752.0	92.677466
12532.0	92.363429
12639.0	92.367909
12630.0	88.918572
2247.0	90.228635
15424.0	93.171822
13408.0	92.481291
12822.0	92.205349
10962.0	90.235037
10763.0	86.078971
1966.0	87.575771
12261.0	92.194436
11566.0	92.297212
28573.0	99.086243
9484.0	92.178304
9548.0	85.283328
1662.0	86.845139
8316.0	90.584016
9203.0	89.586960
8426.0	89.709789
8908.0	91.093756
9717.0	85.393356
2212.0	87.267982
9290.0	89.900271
8988.0	88.351751
9608.0	88.123416
10993.0	88.194381
11646.0	79.942366
2883.0	83.238602
12029.0	86.887394
12333.0	85.948174
12149.0	83.980711
12696.0	84.990301
13377.0	77.842472
2102.0	80.314417
15262.0	89.060179
15401.0	89.326863
15873.0	88.924887
16169.0	87.956939
16620.0	79.631313
2039.0	81.678981
18375.0	90.445349
17609.0	89.285043
16626.0	87.045335
15367.0	84.430948
13706.0	68.996621
2384.0	72.659131
17019.0	84.775936
14652.0	80.627721
13729.0	76.204949
13660.0	76.969388
12698.0	66.172881
1822.0	69.265105
14513.0	79.078673
14221.0	75.688683
13382.0	77.682839
12525.0	76.506837
11646.0	58.388249
2382.0	64.059023
15475.0	85.745855
15256.0	77.669252
12465.0	75.262406
11934.0	71.700379
10772.0	54.453547
1739.0	58.551342
15500.0	78.295653
15482.0	79.328140
14558.0	73.774430
11391.0	65.961357
9569.0	44.563167
1429.0	48.459287
15088.0	73.850007
14686.0	69.700865
17326.0	79.670481
8512.0	59.085664
6928.0	54.063565
1450.0	59.299182
9130.0	69.032786
8811.0	71.170613
8745.0	72.722166
8638.0	73.413835
9776.0	72.923440
2758.0	78.193735
10721.0	81.723650
11023.0	82.027397
10515.0	82.771403
10956.0	83.088209
9024.0	76.759841
2356.0	80.899068
10154.0	83.075880
9564.0	83.179069
8536.0	81.454578
7541.0	80.987753
8226.0	78.754134
2752.0	82.598725
9161.0	84.578253
8643.0	84.912889
8146.0	85.302093
7728.0	83.898955
6867.0	83.395146
3131.0	86.562229
7057.0	87.570296
6266.0	86.557520
5554.0	86.693698
4880.0	87.010160
4603.0	88.035709
2164.0	89.353903
4542.0	88.974557
4455.0	88.575407
3805.0	89.206542
4004.0	89.075748
3901.0	87.892399
1608.0	89.277616
4561.0	90.460535
3364.0	88.963450
3569.0	88.891740
3405.0	89.059990
3880.0	88.137491
1456.0	89.330036
4839.0	89.727178
3534.0	88.942554
4271.0	88.821207
3590.0	89.220428
4148.0	88.524272
1544.0	89.766362
4594.0	89.210287
4112.0	89.430933
4102.0	88.689709
4089.0	88.757337
3799.0	88.214855
2167.0	90.058316
4479.0	89.556511
4095.0	88.210944
16880.0	90.886604
2483.0	87.118230
3822.0	86.698151
1060.0	88.173452
4116.0	89.569895
4570.0	89.424341
3727.0	88.472935
4181.0	88.131290
3859.0	87.028973
2576.0	89.995601
4946.0	89.728029
5015.0	88.833861
3585.0	88.411277
4553.0	88.045129
4551.0	86.549353
1285.0	88.436524
4792.0	88.654758
4776.0	87.468681
4661.0	87.928552
4722.0	86.836299
4908.0	85.564590
1824.0	88.225173
4864.0	88.196201
5505.0	87.886424
5530.0	87.738997
5136.0	86.681955
4977.0	85.454661
1791.0	88.010981
5463.0	87.618800
5063.0	87.006051
5599.0	87.129756
5222.0	86.502890
5667.0	84.158753
1779.0	87.097484
6668.0	88.118510
6310.0	86.035908
6140.0	85.968495
6178.0	85.652835
6210.0	84.037077
892.0	85.635662
7079.0	86.448530
6768.0	85.749970
6959.0	84.210990
6745.0	84.176829
6350.0	81.546175
1645.0	85.156832
6382.0	84.503142
6601.0	85.265949
6669.0	84.909976
6132.0	83.420199
5628.0	79.791830
1916.0	84.643048
6176.0	82.962732
6023.0	84.512300
6113.0	82.986483
5695.0	84.100476
6203.0	81.461779
2022.0	85.514952
6802.0	86.586743
