8418.0	85.655984
3168.0	84.127098
3421.0	82.987069
1129.0	86.590006
3620.0	87.655969
3783.0	88.305005
3494.0	88.407693
3301.0	89.161015
2885.0	87.395010
1151.0	90.229857
2897.0	88.765001
2925.0	90.089319
2581.0	89.638034
2245.0	89.841422
2279.0	88.199404
1327.0	91.155410
3150.0	92.469044
2843.0	92.594738
3051.0	93.274619
2757.0	93.006411
4441.0	92.479561
3251.0	94.048990
3311.0	94.052699
3400.0	93.882049
3417.0	94.176641
3708.0	94.259440
3555.0	94.405179
2206.0	95.729395
3740.0	95.302517
3670.0	95.351561
3694.0	95.336739
3792.0	95.098172
3472.0	94.732039
1776.0	96.207382
3757.0	95.593552
3268.0	95.531933
3926.0	95.749094
3747.0	95.793269
4350.0	95.530109
5575.0	96.047955
5134.0	96.165699
5352.0	95.421513
5546.0	95.505355
5764.0	95.698174
4689.0	95.191578
4264.0	96.453951
6709.0	95.164105
5483.0	94.954908
6177.0	95.673991
5712.0	95.378765
6213.0	95.165443
3339.0	96.455879
7107.0	96.095688
6531.0	95.600773
6245.0	95.804632
6989.0	95.581520
6285.0	95.399951
3107.0	96.428089
6878.0	96.109774
8781.0	96.705627
18818.0	97.105542
5029.0	96.131299
4691.0	95.325293
3620.0	96.150186
5360.0	96.569816
4485.0	96.853633
5417.0	95.274876
4217.0	94.811653
4343.0	95.191992
606.0	95.309857
3211.0	95.517859
4887.0	95.775454
3093.0	95.331342
3419.0	95.458205
4612.0	95.140863
601.0	95.119016
3259.0	95.608904
4765.0	95.795913
5879.0	95.412157
4468.0	95.706247
4884.0	95.233098
3223.0	95.533281
4042.0	95.785166
5319.0	95.809689
3601.0	95.603613
5377.0	95.474158
4258.0	95.267447
2164.0	95.303941
6379.0	95.720537
5418.0	95.798185
6529.0	95.615950
5293.0	95.611732
6668.0	95.467033
2719.0	95.788376
5257.0	95.828485
6171.0	95.949062
11291.0	95.558123
7146.0	95.409199
6596.0	94.912201
2631.0	95.156971
8588.0	95.771851
7654.0	95.714184
6749.0	95.609193
6648.0	95.411642
7083.0	94.827131
2295.0	95.054292
8102.0	95.636203
9121.0	95.679849
7399.0	95.987242
8190.0	96.305614
7009.0	95.490483
2361.0	95.641364
9484.0	96.083425
7947.0	96.647796
10539.0	96.754451
9818.0	96.554578
8866.0	95.720437
2711.0	95.966617
9382.0	96.889605
7459.0	96.899701
28354.0	97.387602
6618.0	96.631899
8115.0	95.730315
1204.0	95.963904
6639.0	97.105872
8532.0	97.055575
7425.0	97.206231
7856.0	97.102099
7934.0	95.908268
946.0	96.074732
8114.0	97.147702
8512.0	97.059124
11223.0	97.128990
7821.0	97.329682
9454.0	95.978327
1071.0	96.072095
8700.0	97.299910
8238.0	97.199886
7991.0	97.089068
8648.0	97.324014
7809.0	96.327978
1098.0	96.444916
10320.0	97.510683
7832.0	97.328736
7823.0	97.598417
10340.0	97.470733
7586.0	96.338014
1097.0	96.360073
8226.0	97.615806
7514.0	97.843117
14366.0	97.315947
9853.0	97.501133
10799.0	95.545858
2936.0	95.924200
11267.0	97.658583
9785.0	97.688818
11468.0	97.545291
10538.0	97.531871
11807.0	95.608714
3379.0	96.010051
10664.0	97.779536
11357.0	97.763834
7130.0	97.358831
7060.0	97.210912
7174.0	95.612889
4973.0	95.909353
11609.0	98.026093
6880.0	97.889072
9430.0	97.607012
7729.0	97.347519
7426.0	95.377352
538.0	95.453503
6695.0	97.389995
6958.0	97.294789
6272.0	97.404046
6251.0	97.014712
6448.0	95.333052
980.0	95.509824
6371.0	97.531961
5862.0	97.248961
24760.0	97.897213
4184.0	96.676916
3710.0	95.645784
2506.0	96.020155
5586.0	96.811461
4580.0	96.550082
5701.0	96.728238
5721.0	96.775112
4956.0	95.574593
4100.0	96.023055
6361.0	96.829744
5347.0	96.535224
6530.0	96.995078
5769.0	95.892205
6853.0	95.066705
4334.0	95.621555
5983.0	96.153547
6134.0	95.611517
5413.0	95.053478
5821.0	94.791709
5520.0	93.382815
4085.0	94.423641
6629.0	94.882925
5800.0	94.542058
6336.0	94.392307
4972.0	94.946296
5228.0	94.602530
3022.0	95.391161
5104.0	95.418370
4511.0	95.411313
5681.0	95.292959
4014.0	95.187731
4265.0	94.882858
1061.0	95.025082
4858.0	95.069838
2840.0	95.232970
3541.0	95.187032
4300.0	95.026298
2331.0	94.738138
524.0	94.784040
4444.0	95.635565
3809.0	95.321322
4471.0	95.159989
3876.0	95.176822
3665.0	95.186414
722.0	95.220043
4676.0	95.348208
2422.0	95.214879
2575.0	95.580420
4213.0	95.131666
2629.0	94.894984
2324.0	95.203016
2660.0	95.434433
3174.0	95.474238
2409.0	95.383226
3956.0	95.541828
2681.0	95.463699
777.0	95.532219
2611.0	95.740185
2799.0	95.705911
21850.0	95.833199
3281.0	94.901172
3644.0	94.889056
1909.0	94.965259
4660.0	95.385321
4484.0	95.229399
5177.0	95.349624
4956.0	95.285830
4329.0	95.008249
1858.0	95.364198
5265.0	95.517066
5158.0	95.844241
5364.0	95.730063
4960.0	95.527806
4439.0	94.823760
2143.0	95.248200
4715.0	95.543126
5985.0	95.565630
7296.0	95.388746
5496.0	95.054461
6236.0	94.882645
190.0	94.907504
6086.0	95.734324
6670.0	96.030812
5868.0	95.419179
5346.0	95.504920
6017.0	94.917034
1813.0	95.227671
6803.0	95.879903
6838.0	95.833263
6326.0	95.754326
7053.0	95.881996
6144.0	95.287916
1838.0	95.559872
7676.0	96.337458
5932.0	96.356417
10768.0	95.537321
6487.0	96.102472
6714.0	95.553114
2874.0	95.819078
6855.0	96.610935
6370.0	96.340767
6400.0	96.026888
6697.0	96.129021
6511.0	95.409259
1989.0	95.557446
7158.0	96.058640
6488.0	95.613758
6685.0	95.796475
6200.0	95.650138
6316.0	95.046486
1889.0	95.289277
7421.0	95.767767
6480.0	96.039268
7414.0	95.747431
8773.0	95.832080
10633.0	91.947836
5084.0	93.194183
13597.0	89.783500
13909.0	87.748968
46275.0	95.934660
12797.0	90.498866
13293.0	88.627280
1187.0	88.998985
13845.0	92.398755
12198.0	93.192280
13323.0	94.491210
10941.0	94.754562
13063.0	90.856661
2116.0	91.460839
15658.0	98.453729
11476.0	97.408829
11204.0	94.975814
4967.0	88.980545
5675.0	79.634172
413.0	80.244046
5970.0	85.917025
7031.0	87.210075
9320.0	89.948021
11397.0	91.650823
13684.0	89.266509
2148.0	90.119420
19972.0	95.176601
17068.0	94.868690
14605.0	93.728557
11109.0	90.717202
9097.0	81.805844
876.0	82.560578
10046.0	85.804757
10710.0	85.921602
11285.0	85.428334
12001.0	87.433756
12819.0	84.890740
1571.0	85.890205
16429.0	91.636372
15593.0	91.197206
14385.0	91.190171
12774.0	89.677630
10433.0	81.754543
1082.0	82.683652
13594.0	89.252226
12738.0	89.757877
12962.0	89.571406
12006.0	88.471876
11212.0	82.964217
1128.0	83.972748
16325.0	93.049232
14981.0	92.929083
14138.0	92.552618
12897.0	91.912721
11688.0	87.269324
877.0	88.045057
16137.0	93.999039
15224.0	94.483143
13323.0	93.136967
11153.0	91.975038
9791.0	85.446970
1178.0	86.608165
9834.0	90.689040
11450.0	93.319981
18086.0	97.448289
8552.0	94.794101
8151.0	91.705535
1954.0	93.066305
10263.0	95.702262
12201.0	96.654883
12680.0	96.913495
11921.0	96.050338
12117.0	90.542560
1138.0	90.900206
11485.0	95.816308
12189.0	95.356080
11529.0	95.079170
12444.0	94.883249
11482.0	89.056243
1696.0	90.158434
12398.0	95.323984
10699.0	94.568073
10313.0	93.897383
10315.0	94.212815
10612.0	88.619869
1976.0	90.039892
11646.0	95.899743
11928.0	95.787415
11406.0	95.395185
11384.0	94.441397
11820.0	88.709978
1956.0	89.904530
12794.0	94.017620
12441.0	93.759547
12579.0	91.746715
11664.0	91.404643
11274.0	86.507266
2568.0	88.112387
13470.0	92.801101
11826.0	92.367804
11267.0	91.539608
9608.0	90.318239
10368.0	86.845998
2795.0	88.542818
12329.0	92.748858
11258.0	92.839105
11223.0	92.294587
11139.0	92.616252
11651.0	87.695256
2536.0	89.348039
12810.0	93.194584
13471.0	92.564663
12306.0	92.236732
11670.0	91.790068
11768.0	88.015638
2234.0	89.637098
14331.0	92.581874
12597.0	91.812499
12980.0	92.230694
11177.0	90.473872
10774.0	85.793478
1828.0	87.344813
10862.0	90.283332
10771.0	90.690170
28573.0	99.086243
9017.0	91.625076
9068.0	84.549984
1610.0	86.101586
8170.0	90.002029
8783.0	89.086046
8346.0	89.392052
7781.0	89.269687
8993.0	83.602882
2221.0	85.848423
9123.0	89.628482
9232.0	88.185266
9913.0	87.902572
11450.0	88.835256
11740.0	80.704649
2197.0	82.944067
13376.0	89.123889
12658.0	86.277715
12914.0	85.596248
13385.0	86.369623
13596.0	78.384066
2571.0	81.425299
15800.0	89.651507
14394.0	87.955613
15337.0	87.872120
15529.0	87.578162
16009.0	78.642276
2625.0	81.264895
18718.0	90.467887
17434.0	88.849526
15083.0	85.331770
14415.0	82.185089
14096.0	69.467449
2106.0	72.489362
16663.0	83.997365
15821.0	82.833855
13728.0	76.370060
13652.0	77.185987
12321.0	65.802889
1977.0	68.933250
17122.0	82.999883
14701.0	76.483623
11937.0	74.611508
11104.0	72.099282
10445.0	55.164739
1729.0	59.095149
14472.0	83.506080
13665.0	73.247798
12254.0	73.476116
12406.0	73.214698
10501.0	52.199756
1182.0	55.033814
16649.0	81.163823
15343.0	79.351248
14495.0	74.606502
10046.0	61.434343
9108.0	42.510487
1735.0	47.978272
12893.0	68.263897
14013.0	68.030156
16976.0	79.355440
9065.0	61.314102
6959.0	54.673815
1481.0	59.607493
9152.0	69.749795
8568.0	72.276926
9555.0	74.383837
9978.0	76.876365
9726.0	72.793308
2332.0	77.030543
10648.0	81.360905
10939.0	82.058842
10728.0	82.959667
9423.0	79.269650
9140.0	75.996076
2297.0	79.902382
9367.0	80.840893
8740.0	81.191439
8442.0	80.439527
6987.0	79.614806
7871.0	77.354258
3378.0	82.491755
8504.0	83.764464
8047.0	84.303904
7807.0	84.379647
7284.0	82.420115
6666.0	82.749561
3172.0	86.333120
6839.0	87.501975
6514.0	86.784473
5521.0	86.652182
5030.0	87.558625
4594.0	88.231638
2219.0	89.652672
4470.0	88.985210
4437.0	88.627186
3756.0	89.313220
4053.0	89.437458
3884.0	88.334886
1683.0	89.513091
4539.0	90.324854
3333.0	88.946170
3586.0	88.997521
3336.0	89.138119
3809.0	88.372970
1568.0	89.642118
4865.0	90.130086
3488.0	88.846217
4270.0	88.889632
3615.0	88.859456
4171.0	88.535386
1495.0	89.991819
4774.0	89.563519
3775.0	88.896685
4169.0	88.798829
4063.0	88.266894
3760.0	88.083500
2028.0	89.876334
4471.0	89.385551
4536.0	88.811211
16880.0	90.886604
2483.0	87.118230
3444.0	85.987818
1687.0	88.405921
4128.0	89.591328
4596.0	89.380296
3711.0	88.591710
4198.0	88.182598
3840.0	87.560092
2539.0	90.067391
4922.0	89.744268
4042.0	87.543696
3807.0	88.287707
4567.0	88.344936
4609.0	86.639976
1278.0	88.011385
4903.0	88.784217
4715.0	87.342508
4606.0	87.989139
4778.0	86.700963
4898.0	85.677248
1852.0	88.236275
4955.0	88.399738
5411.0	87.669443
5041.0	87.138191
5159.0	86.436731
5046.0	85.587245
1804.0	88.379718
5439.0	87.414021
5132.0	86.823708
5566.0	86.697677
5169.0	85.973021
5697.0	84.398194
2132.0	87.998717
6456.0	87.756770
6257.0	85.958790
6023.0	85.970976
6048.0	85.500886
6145.0	83.480171
1123.0	85.571761
6982.0	86.238490
6757.0	85.617708
7002.0	84.526679
6636.0	83.991572
6434.0	81.634345
1584.0	84.703797
6469.0	85.378853
6554.0	84.727592
6274.0	83.647219
5988.0	83.320221
5878.0	81.450179
1677.0	85.357114
6141.0	82.924379
5901.0	83.165974
5748.0	81.818935
5629.0	83.731646
6303.0	81.363205
1981.0	85.279827
6613.0	86.535036
