8893.0	87.501438
3376.0	85.117695
4114.0	86.216854
1001.0	88.854621
4334.0	89.950219
4411.0	89.714104
4095.0	90.470675
3787.0	90.367263
3523.0	89.533907
791.0	90.625911
3245.0	89.588290
3329.0	91.154340
2537.0	89.402451
2565.0	90.104020
2874.0	90.523668
4021.0	92.580062
4752.0	93.448374
3556.0	93.824280
3486.0	94.062724
3546.0	93.808035
3657.0	93.617249
1840.0	94.900345
3902.0	95.169979
4205.0	95.172539
4410.0	95.040780
3972.0	94.810648
4009.0	94.855119
4080.0	95.951953
4665.0	95.907771
4525.0	95.682307
3872.0	95.376887
4311.0	95.391566
5505.0	94.910844
4242.0	96.300350
6213.0	95.926635
5222.0	96.160183
6494.0	95.729817
5445.0	95.788856
6405.0	95.408825
2730.0	96.519082
5688.0	96.546567
6912.0	96.123823
6973.0	95.858355
7116.0	95.698659
5780.0	95.580945
3496.0	96.614345
8063.0	96.267433
6494.0	95.885555
6679.0	96.131624
6401.0	95.967551
6955.0	95.830235
3228.0	96.602178
7165.0	96.039769
7172.0	96.004625
6680.0	95.894987
8133.0	96.170842
6650.0	95.500142
4521.0	96.448585
8415.0	96.784567
8459.0	96.650940
19885.0	97.210942
6874.0	96.725902
5871.0	95.889619
3647.0	96.415952
6772.0	96.839101
5640.0	96.773204
5974.0	95.354781
4920.0	95.371891
4392.0	95.146999
2296.0	95.405539
4140.0	95.852181
6371.0	95.662639
3733.0	95.723251
3766.0	95.914853
5940.0	95.514634
2269.0	95.934802
4837.0	96.072573
5584.0	96.151247
7521.0	95.814019
5894.0	95.844184
6360.0	95.670892
2243.0	95.977667
5989.0	96.152636
8245.0	96.232697
5135.0	96.398978
6498.0	95.885932
6334.0	95.900408
4448.0	96.159252
7818.0	96.311866
6339.0	96.330836
8362.0	96.095704
6495.0	96.367468
8198.0	96.090440
4168.0	96.116944
8956.0	96.273024
7989.0	96.240254
12984.0	95.559467
9137.0	95.654617
8347.0	95.250464
4288.0	95.611982
10870.0	96.177113
9430.0	96.266209
10338.0	96.348218
9248.0	96.415288
10625.0	95.581851
4724.0	95.847061
9752.0	96.318445
11517.0	96.181262
10607.0	96.588398
9340.0	96.749089
7902.0	95.699793
3518.0	96.177227
10998.0	96.280271
8941.0	96.867524
11958.0	96.982640
11166.0	96.626457
10319.0	95.856678
4079.0	96.330570
10682.0	97.145902
8470.0	97.212838
32767.0	97.611153
7333.0	96.818559
9016.0	95.999393
2103.0	96.110385
7480.0	97.121402
9175.0	97.028416
7931.0	97.211709
8532.0	97.077166
8556.0	95.998183
2553.0	96.274293
9992.0	97.457673
8821.0	97.073580
12135.0	97.206575
8222.0	97.342642
10218.0	96.188005
2702.0	96.228890
9604.0	97.407842
8581.0	97.333802
8407.0	97.298330
9224.0	97.326498
8526.0	96.237804
2696.0	96.465983
11030.0	97.449909
8322.0	97.375304
8376.0	97.558055
10934.0	97.764782
8251.0	96.363403
2765.0	96.439271
9188.0	97.736244
7998.0	97.897788
15110.0	97.394622
11112.0	97.599750
12477.0	95.955534
3830.0	96.181902
12816.0	97.819592
11437.0	98.167156
13338.0	97.801897
12277.0	97.982060
13629.0	95.968192
1800.0	96.055022
12604.0	98.035945
11662.0	97.923973
11411.0	97.948961
11947.0	97.814697
12178.0	96.118858
2402.0	96.302483
13180.0	98.407647
12764.0	98.350417
12121.0	97.959033
9739.0	97.591570
12592.0	95.853569
3637.0	96.192603
10804.0	98.072191
10913.0	97.480250
9672.0	97.512011
10355.0	97.384316
11514.0	95.786228
3141.0	96.135459
9288.0	97.732996
10231.0	97.775994
34762.0	98.121441
4987.0	96.964483
5087.0	95.901776
3288.0	96.073931
6508.0	97.248735
5979.0	97.318124
7600.0	97.079673
7564.0	97.047248
6175.0	96.104062
2362.0	96.467821
8541.0	97.350484
7075.0	97.497931
8286.0	97.350922
7276.0	96.691982
7432.0	95.751755
4139.0	96.189284
7559.0	97.148254
7776.0	96.424753
7738.0	96.608780
7205.0	95.760036
6363.0	94.017652
2653.0	95.118357
6513.0	94.847057
5882.0	94.875301
6453.0	94.431995
5501.0	95.276604
5443.0	94.726554
2774.0	95.272256
5851.0	95.739809
4713.0	95.655055
6602.0	95.435811
4463.0	95.732176
3628.0	95.114714
3587.0	95.341919
5253.0	95.290538
3123.0	95.423713
3870.0	95.302229
4537.0	95.247111
2552.0	94.953791
1835.0	95.182111
5027.0	95.754840
3554.0	95.538920
4707.0	95.548741
4131.0	95.325337
3964.0	95.159020
1755.0	95.297226
5024.0	95.620805
2631.0	95.437605
3602.0	95.951821
4816.0	95.565936
3067.0	95.120526
2625.0	95.752214
3365.0	95.949018
3761.0	95.557728
3004.0	95.850002
3724.0	95.853265
3125.0	95.706727
1352.0	95.990988
3527.0	95.995444
3453.0	95.949124
21801.0	95.833106
3463.0	95.087678
3729.0	95.102394
1562.0	95.295018
4595.0	95.535052
5220.0	95.544442
5706.0	95.680274
5542.0	95.508959
5145.0	95.051702
2445.0	95.485988
5513.0	95.857524
4991.0	95.878701
6210.0	95.773115
5586.0	95.690057
4860.0	95.221553
2328.0	95.650990
5856.0	95.966963
6182.0	95.768261
7206.0	95.461610
6478.0	95.408826
5776.0	95.081906
2613.0	95.514631
7860.0	96.089086
6525.0	95.950674
6721.0	95.621630
6229.0	95.863581
6831.0	95.010592
2913.0	95.594838
8415.0	96.274975
7872.0	96.063530
7225.0	95.998182
7910.0	96.001728
7029.0	95.529730
2465.0	95.937551
8425.0	96.483719
6561.0	96.723412
12202.0	95.832811
6924.0	95.841866
7492.0	95.798168
4367.0	96.146231
6804.0	96.541012
7219.0	96.221664
7448.0	96.350413
7597.0	96.516957
7432.0	95.398639
2576.0	95.816461
8585.0	96.531161
7346.0	95.815446
7349.0	95.956897
7015.0	95.717097
7052.0	95.112812
2213.0	95.745910
9188.0	96.209811
7307.0	96.035534
8334.0	95.701736
9818.0	96.046330
12061.0	92.054986
5576.0	93.588542
14630.0	90.583461
14453.0	87.884008
46146.0	95.862802
13733.0	90.896166
14865.0	89.300920
2040.0	89.922539
16194.0	93.686240
14673.0	94.396947
14301.0	95.180555
14702.0	96.573777
18816.0	93.334349
3068.0	93.729182
17455.0	99.813670
15724.0	99.545143
12314.0	96.402269
6300.0	91.962837
6689.0	81.970522
1205.0	83.193599
7929.0	89.588768
11132.0	93.983874
13014.0	94.283686
15734.0	95.608645
18484.0	92.632847
3006.0	93.076866
18734.0	95.697532
16004.0	94.351245
14785.0	93.840662
12458.0	91.735005
12452.0	86.306956
2097.0	87.423392
17348.0	93.133285
16537.0	93.411518
15783.0	92.166974
14427.0	92.151564
15350.0	87.945074
2280.0	88.789096
18231.0	94.242746
17852.0	93.671922
17359.0	93.701747
15818.0	92.695119
13152.0	85.496662
1870.0	86.545086
16632.0	92.349421
15339.0	92.788712
14893.0	92.462612
13043.0	90.969254
12095.0	84.511958
1652.0	85.905205
17423.0	94.671074
17705.0	94.730565
16602.0	94.612394
16120.0	94.598172
12819.0	88.508810
1635.0	89.435635
19455.0	95.792019
18371.0	96.491492
17161.0	95.769242
14749.0	94.943404
12748.0	89.277456
1930.0	90.413373
14302.0	94.794055
13781.0	95.803812
19180.0	97.297370
9122.0	94.943789
8517.0	91.844715
2486.0	93.418604
12119.0	96.932595
13790.0	97.748729
15342.0	98.633105
13757.0	97.463062
14180.0	92.062221
2160.0	92.790320
12336.0	96.773814
13367.0	96.227706
12367.0	95.577632
12083.0	94.314766
11921.0	89.091207
2086.0	90.227471
12653.0	95.315764
11874.0	95.309834
10113.0	93.664459
10296.0	94.272546
11394.0	89.610430
2996.0	91.130062
12659.0	96.634533
12132.0	95.899459
12821.0	96.330058
12620.0	95.884794
13114.0	89.916538
2318.0	90.998671
13572.0	94.930550
15084.0	95.632434
15578.0	94.493121
14169.0	94.162526
13615.0	89.120527
1844.0	89.747110
13630.0	93.484886
12050.0	92.475050
12683.0	92.865092
11380.0	91.943270
11301.0	88.292067
3106.0	90.037391
12671.0	93.418377
11170.0	93.435625
12930.0	93.697889
13316.0	94.699565
13490.0	89.558577
1543.0	90.212335
12993.0	93.453886
12516.0	92.197602
12256.0	92.473960
12878.0	93.010032
12854.0	89.215903
2231.0	90.231836
14891.0	93.450448
13874.0	92.628861
14385.0	93.705761
13642.0	93.180036
13069.0	88.502108
2279.0	89.818175
11770.0	91.647758
10278.0	90.997061
31061.0	100.000000
10560.0	93.646992
9945.0	86.150366
1423.0	87.354451
8889.0	91.736709
10294.0	91.148476
8265.0	89.866088
8790.0	90.177079
10136.0	85.294206
2181.0	86.815490
11109.0	91.704043
10125.0	90.075080
10772.0	89.697357
12706.0	90.276896
13494.0	83.540718
2025.0	85.008570
14842.0	90.559358
14303.0	88.829252
14280.0	87.790422
14852.0	88.769748
15444.0	81.380141
2010.0	83.024037
17909.0	91.516158
17446.0	91.673817
18134.0	91.304790
17631.0	90.363580
18089.0	81.386715
3250.0	83.754470
21499.0	93.255109
19235.0	91.496937
18997.0	90.777848
17350.0	87.255015
14487.0	70.540252
1626.0	72.488135
18429.0	87.069854
17432.0	85.587276
16840.0	82.863813
16976.0	83.692247
14468.0	69.685864
2703.0	73.705406
20213.0	87.401175
17286.0	81.435853
13763.0	78.859935
12447.0	77.811221
12291.0	61.095952
2153.0	65.599432
15593.0	86.004001
19220.0	84.877046
15470.0	82.591672
13144.0	75.572056
12728.0	59.399631
1523.0	62.409936
22232.0	90.005472
19228.0	87.598262
17325.0	80.534280
12755.0	70.903460
10989.0	49.281068
2114.0	54.223546
16198.0	75.816809
18882.0	77.401610
19259.0	83.582048
10096.0	65.183833
7874.0	57.925421
1308.0	61.938520
10454.0	74.053673
11000.0	78.739196
10011.0	76.638406
10726.0	79.146257
10160.0	74.158823
3403.0	80.003520
12447.0	84.745218
11710.0	83.871180
11432.0	84.037283
11657.0	83.926706
11228.0	80.966226
2195.0	83.481810
11206.0	84.649377
10579.0	85.139383
10462.0	85.167579
9593.0	85.389331
9498.0	81.576148
4039.0	86.115280
9736.0	86.427784
9400.0	86.842618
8999.0	87.155806
9105.0	86.382726
7713.0	85.516444
3576.0	88.435484
8073.0	89.345442
7630.0	88.714154
6554.0	88.684071
6311.0	89.809343
4905.0	89.583840
2965.0	91.195435
6281.0	90.939428
6074.0	91.141380
5095.0	91.641214
5178.0	91.799082
5370.0	90.729034
1339.0	91.299604
4408.0	91.740888
4863.0	91.293396
4981.0	91.157918
4665.0	91.437171
5086.0	90.773207
1149.0	91.300073
4910.0	90.979446
4953.0	91.196546
5719.0	91.160445
4386.0	91.051902
5008.0	90.350659
1506.0	91.312314
5364.0	91.139775
5042.0	91.251360
5173.0	90.873702
4774.0	90.014189
4773.0	90.190304
1863.0	91.226277
5320.0	90.753076
5282.0	90.365345
19454.0	92.291278
3471.0	89.675590
4150.0	88.407423
1824.0	90.400022
4548.0	90.823416
5075.0	90.467848
4998.0	90.751342
5103.0	90.305852
4640.0	89.360829
1885.0	90.663498
5459.0	90.413536
5507.0	90.097438
4850.0	90.599917
5794.0	90.295029
5113.0	88.407399
2192.0	90.291464
5687.0	90.694795
6063.0	89.982059
5736.0	90.410979
6430.0	90.235493
5627.0	88.306229
1426.0	89.646677
6137.0	90.595326
5940.0	89.567565
5729.0	89.100844
6052.0	88.725167
5953.0	87.526530
1871.0	89.506047
6350.0	89.950903
6174.0	89.460070
6651.0	89.466212
6397.0	88.912870
6425.0	86.086001
1750.0	88.626288
7293.0	89.582645
6905.0	88.032125
6655.0	87.937721
6689.0	87.258137
6950.0	85.318999
2058.0	88.122392
8217.0	89.039274
7626.0	87.924430
8077.0	86.792207
7734.0	86.245327
6830.0	83.347931
2130.0	86.383260
7374.0	87.327602
7283.0	86.550231
7259.0	85.990181
6912.0	86.347531
6935.0	83.950741
1808.0	86.866428
7644.0	87.125100
7015.0	87.018496
7117.0	85.624288
6855.0	86.801579
7074.0	83.943125
2500.0	87.601464
7792.0	89.144879
