8418.0	85.655984
3168.0	84.127098
3888.0	85.586269
676.0	87.094147
3846.0	88.568295
4017.0	88.841253
3574.0	88.685665
3496.0	89.646535
3187.0	88.714784
919.0	90.373250
3030.0	88.863511
2699.0	88.788887
2341.0	88.197848
2483.0	90.101453
2557.0	89.381794
3644.0	91.394415
3874.0	92.364938
3182.0	93.539068
3231.0	93.678507
3059.0	93.602260
3508.0	93.297582
2144.0	94.506331
3758.0	94.413510
3766.0	94.345600
3878.0	94.839372
3553.0	94.125804
3336.0	93.762849
2387.0	95.678159
3964.0	95.488840
3914.0	95.122773
3594.0	95.190330
3946.0	94.898419
3478.0	94.803659
3037.0	96.006758
3807.0	95.609341
4845.0	95.298307
4110.0	95.904238
3825.0	95.889873
4094.0	95.247308
5004.0	96.217620
4775.0	95.569157
6751.0	95.656123
6686.0	95.467602
6915.0	95.520050
5333.0	95.313624
2716.0	96.527513
6896.0	95.525207
6023.0	95.717071
6403.0	95.877700
6038.0	95.553108
6720.0	95.435455
3291.0	96.423844
6434.0	95.638437
6778.0	95.938963
5678.0	95.323902
7374.0	95.970208
6136.0	95.418852
3320.0	96.345412
7204.0	96.467599
8210.0	96.416247
18818.0	97.105542
6293.0	96.964820
5343.0	96.103143
3165.0	96.395196
5845.0	96.718094
4912.0	96.620264
5782.0	95.414370
4492.0	95.326807
4077.0	95.151515
591.0	95.092234
3486.0	95.470831
5408.0	95.232665
3196.0	95.603806
3136.0	95.539058
5067.0	95.522183
2406.0	95.629807
3926.0	95.829655
4729.0	95.901517
6464.0	95.750974
4885.0	95.729804
5355.0	95.544725
2317.0	95.707419
4758.0	95.947430
6322.0	95.915246
4239.0	96.041817
6251.0	95.628226
5054.0	95.713955
2504.0	95.943478
6048.0	95.733315
5129.0	95.948743
6563.0	95.637574
5317.0	95.837935
6463.0	95.463006
2579.0	95.989416
6634.0	96.180540
6047.0	95.811402
11896.0	95.610149
8388.0	95.517742
8223.0	95.140098
3538.0	95.606464
8438.0	95.761828
7517.0	95.729486
8090.0	95.964540
7602.0	95.843493
8392.0	95.166506
3544.0	95.665837
7809.0	95.824220
9103.0	95.596753
8604.0	96.104766
9558.0	96.510082
8137.0	95.648685
4061.0	96.113532
10763.0	96.461364
8993.0	96.833465
10432.0	96.650929
9756.0	96.519349
8765.0	95.682717
2693.0	95.852003
9209.0	96.751644
7502.0	96.953302
28354.0	97.387602
7372.0	96.715633
8282.0	95.807109
800.0	95.952259
6656.0	97.008612
8473.0	96.990985
7376.0	97.170837
7967.0	97.037169
7907.0	95.998054
971.0	96.133713
8944.0	97.357378
8461.0	97.116197
11212.0	97.253489
7805.0	97.311937
9403.0	96.052444
997.0	96.142644
8709.0	97.170938
9039.0	97.267477
8660.0	97.249866
9368.0	97.269671
7952.0	96.197527
3909.0	96.450027
11077.0	97.472266
8390.0	97.443751
8085.0	97.553068
10061.0	97.675985
7464.0	96.329570
2550.0	96.438995
8058.0	97.643248
8322.0	97.879636
14978.0	97.305106
10444.0	97.600401
9611.0	95.603267
4557.0	96.183034
12134.0	97.868098
11673.0	98.018377
11250.0	97.691380
10621.0	97.745629
11722.0	95.777924
3282.0	96.073635
10711.0	97.751553
11322.0	97.833460
10857.0	98.028066
11068.0	97.816767
10784.0	96.001379
3439.0	96.313689
10807.0	98.068348
10922.0	98.123917
9217.0	97.631487
7617.0	97.575270
7463.0	95.509771
5398.0	95.707659
10601.0	97.824783
6771.0	97.142980
6106.0	97.536098
6916.0	97.032789
7018.0	95.498547
5707.0	95.723875
6199.0	97.382029
6367.0	97.450615
24760.0	97.897213
4399.0	96.715414
4183.0	95.740221
3756.0	96.016120
5788.0	96.969868
4696.0	96.550148
5665.0	96.645110
5653.0	96.813873
5256.0	95.697822
4156.0	96.054088
6590.0	97.039497
5528.0	96.836489
6389.0	96.892524
5889.0	96.227805
7195.0	95.434270
4349.0	95.835922
6004.0	96.342541
6276.0	95.789412
5475.0	95.194622
5710.0	94.840369
5351.0	92.975882
4207.0	94.244586
6572.0	94.938603
5663.0	94.244554
6174.0	94.240554
5426.0	94.789974
5446.0	94.739359
2915.0	95.351931
5221.0	95.523000
4245.0	95.427671
5737.0	95.439956
3996.0	95.004708
4194.0	94.866146
982.0	94.936031
4935.0	95.113701
2890.0	95.320288
3667.0	95.201674
4308.0	95.080416
2445.0	94.706907
576.0	94.763007
4426.0	95.477775
3811.0	95.406440
4451.0	95.140810
3843.0	95.086172
4347.0	95.062436
2332.0	95.415268
5006.0	95.546128
2529.0	95.202275
2396.0	95.729368
4055.0	95.006689
2629.0	94.776198
1660.0	94.974428
2644.0	95.485679
3982.0	95.417215
1793.0	95.190882
3886.0	95.330708
3227.0	95.534982
137.0	95.526556
2632.0	95.543920
2781.0	95.488158
21921.0	95.807375
3256.0	95.001539
3669.0	94.828966
1883.0	94.931983
4676.0	95.436372
4485.0	95.252079
5201.0	95.328480
4949.0	95.352673
4535.0	95.067258
1653.0	95.422145
5199.0	95.572514
5149.0	95.884589
5677.0	95.658052
5833.0	95.774006
4290.0	94.880664
3415.0	95.553972
4489.0	95.435547
5987.0	95.445521
7362.0	95.442090
6512.0	95.403058
5819.0	95.051486
2726.0	95.618320
5886.0	95.842141
6668.0	95.884903
6775.0	95.680791
6243.0	95.778925
5911.0	94.806544
4266.0	95.596930
6563.0	95.691067
6869.0	95.739661
6401.0	95.705185
7045.0	95.899245
6168.0	95.425319
1830.0	95.699521
7646.0	96.288561
6630.0	96.346494
11859.0	95.570209
5960.0	95.878713
7121.0	95.694223
2535.0	95.839158
6870.0	96.697016
7245.0	96.554377
6382.0	95.943607
6617.0	96.357891
6592.0	95.317121
1973.0	95.622804
7143.0	96.244566
7485.0	95.871014
6655.0	95.722413
6151.0	95.794537
7669.0	95.396257
2387.0	95.850473
7324.0	95.899684
7408.0	96.192087
7407.0	95.723928
8855.0	95.899468
10524.0	91.700185
5076.0	93.295537
11978.0	88.705549
13099.0	87.106269
47747.0	96.025987
11751.0	89.610244
13359.0	88.066507
1229.0	88.445001
12229.0	91.877785
12465.0	93.054129
12639.0	93.900108
12346.0	94.991154
13541.0	90.654960
2836.0	91.535607
16539.0	98.718233
12759.0	98.055263
12369.0	96.179450
5929.0	91.286351
6283.0	81.304469
626.0	82.056782
7350.0	88.648717
10017.0	92.618370
12307.0	93.602089
15345.0	94.831433
14340.0	90.523969
3079.0	91.472615
17286.0	94.539397
13008.0	92.676819
12061.0	91.224838
12633.0	91.415017
11554.0	85.031526
1505.0	85.980313
14120.0	90.515573
14147.0	90.978830
13533.0	89.146110
12173.0	89.389367
12507.0	85.253154
2051.0	86.179343
18309.0	92.796660
15348.0	91.480204
14677.0	91.649704
14035.0	91.076027
12174.0	84.644918
1592.0	85.838812
15185.0	91.019443
14253.0	91.440342
13357.0	90.576651
12825.0	90.169287
10481.0	82.346591
1383.0	83.682578
15347.0	92.864089
16664.0	93.400839
15844.0	93.889683
14017.0	92.627736
11749.0	87.143152
1263.0	88.089383
16749.0	94.508846
17068.0	95.433273
16068.0	94.824018
13062.0	93.769347
11389.0	88.425886
1765.0	89.436937
12611.0	93.752279
11559.0	93.934689
19180.0	97.297370
8340.0	94.165966
7889.0	91.223037
2026.0	92.705623
10419.0	95.556560
12515.0	96.722797
12631.0	96.902708
10820.0	95.340092
11342.0	90.125934
1910.0	91.082455
10819.0	95.230856
11063.0	94.064874
11058.0	94.402535
11246.0	93.054636
11075.0	88.467617
1581.0	89.277085
10606.0	93.372161
10659.0	94.233163
9057.0	92.412677
9106.0	92.525294
10054.0	88.011413
2539.0	89.749055
11629.0	95.620525
12305.0	95.813345
12513.0	96.170077
12290.0	95.300883
10972.0	88.202160
3160.0	90.272638
13679.0	95.114390
12174.0	93.580723
13876.0	92.936588
12481.0	92.348728
12211.0	87.553542
2357.0	89.055460
14346.0	94.000944
12768.0	93.388749
12402.0	92.898934
11743.0	92.444713
11283.0	88.462999
2778.0	90.003101
12344.0	93.078579
11434.0	93.297596
11792.0	92.938405
11555.0	93.259396
12461.0	88.310512
2920.0	90.024882
12531.0	93.204077
12727.0	92.331345
12440.0	92.427980
11783.0	91.889349
11740.0	88.095061
2554.0	89.721148
14458.0	92.285658
12841.0	91.994297
12901.0	92.170930
11834.0	91.469500
11704.0	86.847370
2237.0	88.551932
12287.0	91.754476
10462.0	90.798757
31061.0	100.000000
9418.0	92.342420
9670.0	85.730727
1675.0	87.351641
8850.0	91.582455
9848.0	90.592880
8629.0	90.356185
8780.0	90.583523
9777.0	84.944942
2223.0	87.032425
10651.0	91.667183
10607.0	90.908387
10326.0	89.690654
11503.0	89.017850
13199.0	83.083981
1894.0	84.651095
13440.0	89.033197
13630.0	87.983917
12470.0	85.059352
12911.0	85.903929
12749.0	77.405626
2877.0	80.754819
15231.0	88.825472
14946.0	88.643018
13410.0	84.452053
14443.0	85.572205
16243.0	78.899403
2168.0	81.118198
17379.0	89.109340
16488.0	87.355134
16263.0	86.788034
16122.0	85.778075
15724.0	72.227149
2332.0	75.142324
17076.0	84.787969
16382.0	84.156810
15874.0	80.874128
15718.0	81.493990
14154.0	69.187862
2198.0	72.321230
14647.0	79.739723
15483.0	77.335914
14319.0	80.897264
12668.0	77.589335
12718.0	62.901831
2244.0	67.290627
17280.0	88.807820
17047.0	81.711902
12440.0	74.828453
12256.0	73.426269
10513.0	52.519938
1857.0	57.553518
16418.0	79.842814
16389.0	81.555530
14611.0	74.553737
12261.0	68.761566
10223.0	46.552198
1974.0	52.366529
15661.0	75.010689
16058.0	72.348225
17871.0	80.525792
8513.0	58.830966
6297.0	51.031077
1104.0	55.651228
7970.0	65.368372
8710.0	72.080391
11076.0	78.497188
10248.0	78.189473
9963.0	73.989280
2697.0	78.719336
11365.0	83.347399
10944.0	82.020145
10634.0	82.550159
10887.0	82.560044
10429.0	79.278155
998.0	80.447478
10490.0	82.957034
9519.0	82.921246
9490.0	83.028814
7573.0	81.254524
8043.0	78.131606
3205.0	83.320680
8488.0	84.222987
8225.0	84.343253
7870.0	85.066250
8025.0	84.147314
7040.0	83.830234
2779.0	86.648235
6703.0	87.232342
6441.0	86.656603
5650.0	86.773487
4759.0	86.870943
4535.0	87.849337
2849.0	89.341717
5782.0	89.860638
5417.0	89.701065
4627.0	90.502927
3480.0	89.520928
4151.0	88.990802
1413.0	89.933596
4187.0	90.824120
4435.0	90.370938
4446.0	90.008942
4034.0	90.747618
4502.0	89.701661
1508.0	90.570256
4359.0	89.936745
4330.0	90.256827
5095.0	90.071879
3696.0	89.448434
3847.0	88.735505
1992.0	90.375680
4936.0	90.055750
4023.0	89.628970
4470.0	89.317889
4388.0	88.748351
4068.0	89.058671
1904.0	90.392207
4809.0	89.748930
4915.0	89.877391
16880.0	90.886604
2483.0	87.118230
3444.0	85.987818
1687.0	88.405921
4128.0	89.591328
4596.0	89.380296
4561.0	89.665813
4874.0	89.512913
4439.0	88.492977
1073.0	89.458991
4948.0	89.599882
4994.0	88.968181
4445.0	89.754247
4392.0	87.902913
4548.0	86.550518
1861.0	88.574539
5256.0	89.554066
5607.0	89.248823
4433.0	88.106154
5170.0	87.496065
5254.0	86.460329
1238.0	88.007256
5193.0	88.684705
5357.0	87.851209
5473.0	87.919223
5439.0	87.954793
4875.0	85.169984
1827.0	88.119622
5844.0	88.610601
5430.0	87.753100
5444.0	87.076265
5387.0	86.106515
5864.0	85.116443
1738.0	87.762691
6586.0	88.259843
6315.0	86.389681
6347.0	86.830845
6103.0	85.363835
6243.0	84.078116
1184.0	85.900332
7390.0	87.098611
6952.0	86.464276
7085.0	84.568671
6766.0	84.519571
6415.0	82.245056
1431.0	84.968276
6767.0	85.156538
6810.0	85.231348
6480.0	84.359632
6468.0	84.977017
5785.0	81.078907
1785.0	84.951796
6300.0	83.257140
6082.0	83.878233
6181.0	83.606321
5905.0	84.284667
6402.0	81.993629
2363.0	86.325687
6748.0	86.843066
