7499.0	83.160966
2484.0	79.423665
3083.0	81.842424
1114.0	85.647960
3242.0	86.277556
3310.0	85.871536
3127.0	86.224986
3089.0	87.293784
2801.0	87.335979
449.0	88.624432
2645.0	87.220110
2633.0	88.735216
2139.0	87.417187
2065.0	88.366713
2225.0	87.989726
1514.0	91.270060
2837.0	91.310370
2462.0	91.641263
2302.0	91.877690
2688.0	92.614332
2550.0	92.079724
3726.0	93.567839
2879.0	93.144532
2898.0	93.343053
3215.0	93.965683
2909.0	93.909197
3087.0	93.146210
2209.0	95.091859
3284.0	94.761952
3188.0	94.328393
2961.0	94.291012
3453.0	94.679953
3155.0	94.104710
1854.0	95.982886
3306.0	95.323477
3233.0	95.265547
3271.0	95.429224
3243.0	95.347418
3384.0	95.057973
2028.0	96.283697
3412.0	95.405928
4143.0	95.617711
4794.0	96.125998
3927.0	95.637375
3472.0	94.427703
2249.0	95.939281
4046.0	94.836666
3935.0	94.969621
4440.0	95.680211
3840.0	95.132561
4250.0	95.287339
4720.0	95.918888
5174.0	94.805579
4239.0	95.228220
5217.0	95.113455
4623.0	95.294082
5366.0	94.514391
4132.0	95.800785
5552.0	95.664064
6321.0	96.052962
17444.0	96.915624
4024.0	95.628342
3571.0	94.594892
2295.0	95.778499
5381.0	97.075989
2997.0	96.736320
2173.0	94.969117
6011.0	95.159670
3985.0	95.229275
1004.0	95.449877
3281.0	95.535336
4348.0	95.152526
3313.0	95.126587
3017.0	95.369926
4120.0	95.013693
907.0	95.366920
3048.0	95.261846
4436.0	95.446631
5914.0	95.480521
4555.0	95.452102
4895.0	95.304838
646.0	95.336005
4170.0	95.532248
4686.0	95.594916
3406.0	95.355114
4829.0	95.650927
4010.0	95.062908
3033.0	95.395643
5364.0	95.561261
4491.0	95.877489
5773.0	95.403022
4637.0	95.558864
5466.0	95.640064
2239.0	95.630153
4497.0	95.642200
5373.0	95.572425
10424.0	95.314274
6719.0	95.490653
5929.0	94.745507
764.0	94.801797
7414.0	95.462768
6519.0	95.646041
7133.0	95.530871
6651.0	95.628773
6442.0	94.686475
3390.0	95.122859
6973.0	95.465715
7852.0	95.451416
6730.0	95.725442
7655.0	96.357323
6611.0	95.359500
893.0	95.452121
8826.0	96.018456
7391.0	96.339365
9728.0	96.563114
9260.0	96.402610
8207.0	95.673208
1057.0	95.810610
8746.0	96.815651
6989.0	96.854452
28024.0	97.543167
4497.0	96.328277
7390.0	95.429761
2250.0	95.915488
6423.0	96.933926
7908.0	96.777744
6805.0	96.908047
7166.0	96.727696
7283.0	95.715236
1937.0	96.011447
7281.0	96.910642
7702.0	96.741807
10205.0	96.957870
6578.0	96.978814
8413.0	95.687364
2256.0	96.060416
6895.0	96.772051
7289.0	96.892606
7120.0	96.776304
7693.0	96.980295
6917.0	95.971306
2398.0	96.148367
9113.0	97.110684
6903.0	97.010429
6880.0	97.245112
9115.0	97.326439
6767.0	96.029343
2490.0	96.281142
6366.0	97.271212
6680.0	97.433675
9076.0	96.748760
5979.0	96.986706
7177.0	95.131728
1042.0	95.166081
6813.0	97.143856
6988.0	97.467314
7701.0	97.266834
6235.0	96.788503
6700.0	95.120993
1092.0	95.252880
7491.0	97.366175
6783.0	97.259211
6625.0	97.357448
6436.0	97.083301
6649.0	95.285048
1153.0	95.464610
7516.0	97.660607
6171.0	97.568764
8121.0	97.448771
6867.0	97.298625
5202.0	94.758964
2729.0	95.361777
6945.0	97.642274
6267.0	97.168813
5569.0	97.275840
5996.0	96.616052
5858.0	95.177050
1436.0	95.395170
5706.0	97.131160
5289.0	97.136686
22400.0	97.754045
3433.0	96.358158
3442.0	95.320375
1620.0	95.858898
4831.0	96.729666
4146.0	96.571059
4957.0	96.529558
4492.0	96.142166
4491.0	95.353748
4190.0	95.977543
5828.0	96.578074
4991.0	96.290842
5211.0	96.159221
5098.0	95.011859
5664.0	93.926181
2199.0	95.082371
5826.0	96.206618
5752.0	95.415666
4989.0	95.027248
5156.0	94.448126
4625.0	92.411334
5083.0	93.896231
5117.0	94.403989
4508.0	93.814140
4807.0	93.651301
4044.0	94.307975
4157.0	94.215108
3959.0	94.946895
4027.0	95.081827
3431.0	94.796999
4265.0	94.527316
3215.0	94.927582
5132.0	94.854052
1890.0	95.087462
4491.0	94.752630
3270.0	95.211224
3472.0	95.062219
3941.0	94.833279
2697.0	94.892370
93.0	94.901597
4108.0	95.366981
3544.0	95.241594
4065.0	95.147187
3465.0	95.063329
4075.0	95.213999
616.0	95.326281
4146.0	95.551122
2760.0	95.174201
2309.0	95.605454
3502.0	95.163099
2710.0	95.028094
512.0	95.039270
2379.0	95.360708
3290.0	95.446768
1657.0	95.350457
3271.0	95.592824
2757.0	95.285679
83.0	95.250897
2138.0	95.322597
2282.0	95.216048
14873.0	95.536952
3057.0	94.642000
3715.0	94.805347
506.0	94.795371
4007.0	95.092253
4130.0	95.014682
4746.0	95.163914
4598.0	95.230710
4173.0	94.790524
582.0	94.891274
4656.0	95.418205
4625.0	95.859632
5148.0	95.728915
4664.0	95.560047
4322.0	94.847273
2280.0	95.006262
3945.0	95.088670
5056.0	95.306942
6520.0	95.353647
5737.0	95.248980
5076.0	94.502285
2172.0	94.783132
5240.0	95.476682
5867.0	95.638779
5875.0	95.254024
5530.0	95.493882
5431.0	94.679065
551.0	94.791719
6106.0	95.563228
6298.0	95.576082
5742.0	95.665502
6326.0	95.708103
5569.0	95.202866
617.0	95.379546
6951.0	96.033915
6011.0	96.367302
11751.0	95.737926
5965.0	95.983424
6215.0	95.324514
1060.0	95.461007
5945.0	96.583275
5889.0	96.285474
5843.0	95.769555
6128.0	96.099853
5951.0	94.957169
612.0	95.080482
6375.0	95.857565
6783.0	95.853394
6204.0	95.742658
5611.0	95.486438
5818.0	94.972815
575.0	95.047453
6608.0	95.761739
6552.0	96.011947
6719.0	95.662722
8000.0	95.627354
9843.0	91.398143
4471.0	93.005748
11479.0	88.147523
12060.0	85.617438
42770.0	95.205111
11552.0	89.194594
12781.0	88.022998
747.0	88.270046
12447.0	91.841602
11810.0	92.363652
11465.0	93.350933
11375.0	94.642731
11098.0	89.594248
1771.0	90.227977
12772.0	97.000374
11393.0	96.609577
8752.0	92.240391
4051.0	85.922899
3494.0	71.449986
467.0	72.266863
3889.0	77.036685
5120.0	80.180757
5830.0	81.015418
8183.0	85.787219
9492.0	84.690483
1538.0	85.610915
16746.0	93.056739
15530.0	93.196972
15285.0	93.345595
13188.0	91.795215
11531.0	85.312370
1241.0	85.980497
12688.0	89.774176
9764.0	85.925958
7741.0	80.586107
6290.0	78.184807
6565.0	73.497592
702.0	74.696280
9074.0	81.675238
10742.0	84.017440
12232.0	86.487947
14770.0	88.915354
13676.0	84.724106
1702.0	85.323722
13533.0	89.610661
11548.0	88.390698
11196.0	87.261089
8829.0	84.238254
5985.0	70.759402
865.0	72.850124
6594.0	78.601852
9376.0	84.767350
9806.0	86.233714
11957.0	89.254143
15448.0	88.692377
1726.0	89.357527
17146.0	94.316739
14696.0	93.883202
12824.0	92.214044
11376.0	92.034339
9453.0	85.336868
1480.0	86.800070
9200.0	89.660325
8615.0	90.262354
14976.0	95.448084
7253.0	92.830128
6820.0	89.982927
1909.0	91.694425
9962.0	95.337454
12060.0	96.474680
11792.0	96.019208
10512.0	94.754817
10133.0	88.794247
1526.0	89.909278
10324.0	94.501946
10364.0	93.075776
10260.0	93.143429
9493.0	90.910994
9171.0	85.283906
1497.0	86.743126
8773.0	89.940265
8322.0	90.434037
8319.0	89.943755
8655.0	91.611832
8696.0	85.852530
1870.0	87.926052
9653.0	93.814110
9776.0	93.235855
10140.0	93.825677
10090.0	92.878655
10334.0	86.490540
1902.0	87.873597
11498.0	92.250652
11001.0	91.941010
12095.0	91.070642
10599.0	89.897123
10359.0	85.115060
1832.0	86.430759
11939.0	91.264615
10549.0	90.524288
10154.0	89.941987
9674.0	89.973273
9178.0	85.613215
1784.0	86.887215
10129.0	90.233740
10268.0	91.954118
9939.0	90.842094
10009.0	91.217142
10633.0	86.321114
2143.0	87.824258
11245.0	91.445400
11778.0	90.910718
10033.0	90.138313
10414.0	90.009608
10575.0	86.351489
2210.0	88.119075
11981.0	90.484064
10630.0	89.348416
10735.0	89.490194
10219.0	89.024879
10176.0	84.466627
2340.0	86.664394
11022.0	90.368752
9822.0	89.881986
26545.0	98.370300
7779.0	89.157324
7866.0	81.714619
1156.0	83.207635
7351.0	88.004400
8334.0	87.337029
7522.0	87.995196
7403.0	87.573133
7745.0	81.123258
2509.0	84.330456
9104.0	88.651025
9384.0	88.196148
9497.0	87.926249
9816.0	86.117288
10608.0	78.348487
1705.0	80.339050
11166.0	84.925375
11069.0	83.123401
11305.0	82.271071
11934.0	83.815692
12082.0	75.811948
2258.0	78.751861
13113.0	85.638393
13380.0	86.141569
12976.0	84.149496
13690.0	84.212321
13842.0	76.034104
2298.0	79.333452
15070.0	85.303500
14198.0	83.648309
13582.0	82.427270
13900.0	80.838640
12512.0	65.615935
1769.0	68.792801
14592.0	79.566659
13131.0	77.734410
13529.0	75.659609
12400.0	74.422688
11214.0	62.806620
2166.0	67.186186
14385.0	78.219680
12248.0	70.349012
10340.0	68.918095
9893.0	68.694675
9580.0	52.420089
1459.0	56.718075
11652.0	75.173998
12234.0	69.104652
11011.0	70.236275
11269.0	69.891732
9355.0	48.214302
1048.0	51.450229
14643.0	76.700431
12956.0	74.499440
10897.0	63.238440
8748.0	55.465261
7629.0	35.991765
1587.0	42.058876
11750.0	65.002742
11110.0	59.481654
15324.0	75.704985
7646.0	55.843765
6266.0	50.438832
849.0	54.375405
7100.0	61.375757
6781.0	62.631668
8736.0	72.261263
8198.0	72.294363
8402.0	69.051934
2244.0	74.197719
9275.0	78.134878
8701.0	76.639014
8536.0	77.644652
8620.0	77.417110
8283.0	74.093727
1156.0	76.273749
8393.0	78.215846
7835.0	78.861909
7005.0	76.075971
6510.0	78.033997
6755.0	74.303890
1817.0	77.767127
6881.0	79.555013
6650.0	79.609714
6031.0	79.874774
6602.0	79.435595
5845.0	79.856884
2506.0	83.236374
6117.0	85.010996
5829.0	84.613285
4239.0	83.750725
4371.0	85.005483
3417.0	85.815531
2054.0	87.327950
4286.0	87.363641
4086.0	86.869775
3477.0	87.797638
3497.0	88.141591
3480.0	86.659202
1285.0	87.817140
2785.0	88.099211
3139.0	87.706254
3204.0	87.633003
3052.0	87.863688
3366.0	87.152394
1161.0	88.311478
3309.0	87.493829
3226.0	87.463660
3799.0	87.378294
3265.0	87.735639
3734.0	87.241494
1106.0	88.018447
3612.0	87.286465
3377.0	87.468877
3739.0	86.933913
3322.0	86.252990
3259.0	86.847679
1371.0	88.258499
3615.0	86.932337
3787.0	86.731397
15920.0	90.003920
2170.0	85.842635
2853.0	84.201322
1428.0	86.764247
2934.0	86.609354
3485.0	86.586279
3457.0	86.842046
3786.0	86.604057
3453.0	85.763800
868.0	86.985879
3760.0	86.824418
3915.0	86.454467
3507.0	87.021308
4165.0	86.619569
3755.0	84.050489
1625.0	86.755259
4096.0	86.361274
4390.0	85.816274
4195.0	86.320049
4689.0	85.703525
4264.0	84.111231
1649.0	86.672009
4489.0	87.158607
4639.0	85.428383
4471.0	85.076238
4695.0	85.145204
4520.0	83.939009
1562.0	86.514237
5041.0	86.610960
4570.0	85.261341
5033.0	85.357685
4895.0	85.249224
5311.0	83.062743
546.0	84.295818
5644.0	85.471486
5881.0	85.291884
5339.0	83.869297
5341.0	83.007943
5361.0	81.430830
1185.0	83.898497
6179.0	84.721377
6294.0	84.290934
6017.0	81.222414
5764.0	80.443432
5518.0	79.386293
1848.0	83.573001
5648.0	82.579028
5462.0	81.191136
5685.0	81.520894
5332.0	80.200454
4924.0	77.912350
1648.0	83.245776
6271.0	83.513895
5459.0	81.085295
5478.0	80.431823
5066.0	81.128774
5449.0	78.099624
2110.0	83.908613
6185.0	85.109530
