6750.0	78.776999
2227.0	77.607256
2368.0	77.446899
1042.0	83.223577
2690.0	83.112459
2721.0	83.309969
2555.0	83.026270
2442.0	83.826040
2227.0	83.866022
518.0	85.890465
2339.0	86.074323
2155.0	85.234017
1717.0	85.094193
1479.0	83.318759
1959.0	84.779750
1657.0	88.554729
2126.0	88.386407
1936.0	89.453999
2212.0	90.893992
1794.0	88.709602
1970.0	89.523997
1331.0	92.406658
2353.0	92.504091
2289.0	92.108719
2327.0	92.710937
2466.0	93.064574
2166.0	91.974344
1885.0	93.579595
2252.0	93.135609
2312.0	93.439000
2564.0	93.683227
2683.0	92.837565
4048.0	92.779453
2063.0	95.079136
2688.0	94.222384
2475.0	94.032351
2880.0	94.582421
2762.0	94.133464
3059.0	94.186800
1872.0	95.674405
2883.0	95.092836
3509.0	95.222400
3569.0	94.617568
3268.0	94.690288
3051.0	93.627026
1584.0	95.571024
3505.0	94.531591
3285.0	94.314099
3223.0	94.370919
3184.0	93.857480
3417.0	94.075930
2106.0	95.647997
3525.0	94.809686
3496.0	94.598306
3331.0	94.109440
3746.0	94.406303
3548.0	93.848513
2700.0	95.401097
3646.0	95.002840
3974.0	94.721927
13624.0	96.268790
3470.0	95.316978
3523.0	94.414406
1430.0	95.035152
3453.0	95.481591
2517.0	96.324481
1615.0	94.196406
2054.0	94.106844
1473.0	93.882697
249.0	94.117074
1386.0	94.515525
1406.0	94.080396
1330.0	94.229480
1314.0	94.693273
1610.0	94.091173
572.0	94.099797
1315.0	94.344063
1553.0	94.577563
2665.0	94.356375
2146.0	94.915601
2048.0	94.504306
3636.0	94.756042
4155.0	95.114057
2796.0	95.356477
3708.0	95.199411
4687.0	94.990858
3106.0	94.704352
1776.0	95.039260
5084.0	95.512951
3830.0	95.260220
5240.0	95.372339
4206.0	95.346356
5112.0	95.225794
749.0	95.325575
4182.0	95.308155
5107.0	95.454915
10185.0	95.289625
5759.0	95.076967
5336.0	94.479028
1303.0	94.595977
6792.0	95.642033
5340.0	95.111255
5732.0	95.077140
5521.0	95.209868
5947.0	94.203631
1465.0	94.488972
6515.0	95.217873
6445.0	94.607759
6283.0	95.220788
6873.0	95.966268
6000.0	95.044310
1748.0	95.419317
7904.0	95.641170
6812.0	96.216718
6248.0	95.917399
5851.0	95.889315
5254.0	95.293289
3911.0	95.554680
5202.0	96.118702
4727.0	96.152918
18798.0	97.263172
4106.0	96.111340
4527.0	94.917441
436.0	95.131032
3960.0	96.512800
4743.0	96.207780
4391.0	96.347424
4653.0	96.221663
4592.0	95.032226
668.0	95.190064
5194.0	96.647616
5057.0	96.388673
5733.0	96.405278
4576.0	96.712446
5164.0	95.256933
1243.0	95.497905
4936.0	96.647035
5129.0	96.640715
5013.0	96.581407
5212.0	96.743431
5316.0	95.642087
4188.0	95.888890
6664.0	96.902211
5375.0	96.701584
5778.0	96.871661
6809.0	96.835799
5467.0	95.742697
3968.0	95.876984
6293.0	96.972732
5255.0	97.138180
8426.0	96.254094
5512.0	96.797920
6439.0	95.171876
1016.0	95.284857
6026.0	96.845715
6339.0	97.236697
7145.0	96.785151
6566.0	97.153629
4873.0	94.870709
3152.0	95.488145
6699.0	96.972535
4811.0	96.967965
4987.0	96.621799
4921.0	96.654928
4987.0	95.021403
2445.0	95.567531
6875.0	97.692809
4682.0	97.518609
5858.0	97.093023
5053.0	96.807917
5229.0	94.930806
2356.0	95.381287
4516.0	97.258105
4759.0	96.441451
4312.0	96.924196
4563.0	96.211836
4085.0	94.335265
2961.0	95.396018
4524.0	97.002279
4112.0	96.854805
19871.0	97.668861
3213.0	96.140836
3212.0	95.250025
1689.0	95.813288
3940.0	96.405466
3619.0	96.321928
4029.0	95.935386
4056.0	96.066665
3648.0	94.618577
1985.0	95.783601
5422.0	95.944377
4170.0	96.027872
4663.0	95.922302
4481.0	95.022324
4917.0	94.135671
2706.0	95.225902
4869.0	95.457499
4836.0	94.375307
4251.0	94.011198
4426.0	93.841369
4045.0	91.484579
2513.0	93.048176
4678.0	93.643314
4158.0	92.850142
3822.0	92.850514
3735.0	93.692922
3600.0	93.636656
1747.0	94.492620
3421.0	94.789248
3062.0	94.653765
3861.0	94.541924
2779.0	94.528326
2416.0	94.027301
1271.0	94.172069
2728.0	94.102168
2007.0	94.241950
2469.0	93.959500
2668.0	94.069132
1596.0	93.899220
4172.0	94.312618
3985.0	94.929977
3355.0	94.658758
2464.0	94.583976
2205.0	94.953114
2498.0	94.471458
2472.0	94.952089
2751.0	94.818253
1647.0	94.514571
3383.0	95.387870
3543.0	94.979077
2298.0	94.490093
1187.0	94.857494
2214.0	95.378412
2723.0	94.851168
1846.0	95.052198
2972.0	94.998737
2364.0	95.245516
627.0	95.295500
2110.0	95.348679
2171.0	95.422177
12933.0	95.526076
1519.0	94.637053
1890.0	94.102923
3124.0	94.757021
3364.0	94.745539
3763.0	94.526200
4324.0	94.622953
4174.0	94.913488
3758.0	94.524619
981.0	94.879062
4273.0	95.511605
3743.0	95.296785
4574.0	95.252866
4248.0	95.097091
3571.0	94.447378
1056.0	94.691335
3812.0	95.061239
4834.0	95.159229
5365.0	94.835628
4725.0	94.672143
4149.0	94.362289
1244.0	94.799491
5003.0	95.327024
4854.0	94.994442
4818.0	94.988818
4361.0	95.156225
4913.0	94.124003
1365.0	94.533779
4835.0	94.911171
5676.0	95.175890
5343.0	95.119696
5721.0	95.293068
5177.0	94.679791
1165.0	95.124636
5745.0	95.745290
5092.0	95.886362
5288.0	94.684746
3482.0	95.014683
3345.0	94.757302
4641.0	95.160653
5347.0	96.031277
5451.0	95.897036
5376.0	95.642885
5684.0	95.784338
5620.0	94.589286
1082.0	94.932616
5325.0	95.379103
5540.0	95.220147
5818.0	95.397192
3847.0	95.025265
4000.0	94.011803
3004.0	94.916668
5488.0	95.010743
5789.0	95.249587
6238.0	94.934673
7244.0	95.018740
8575.0	90.818589
5083.0	92.608231
8803.0	85.578039
9719.0	82.848906
35320.0	93.829495
9311.0	86.937371
9644.0	85.687319
2381.0	86.767355
9879.0	89.416880
10233.0	90.611936
9250.0	90.853942
9260.0	92.104843
10730.0	88.425987
2458.0	89.501445
12648.0	96.265844
10323.0	95.827530
9161.0	91.812568
4021.0	85.062760
2962.0	68.280128
455.0	69.605088
3100.0	73.669383
2996.0	71.549016
3271.0	70.583555
3678.0	70.766125
4127.0	69.252940
1343.0	72.582123
7261.0	79.759211
8446.0	82.154454
11175.0	86.438830
12259.0	88.386369
12057.0	83.911776
1882.0	85.183256
11260.0	87.544916
9988.0	85.183138
10181.0	84.353489
7149.0	80.491651
5690.0	71.138149
1128.0	72.977339
7633.0	77.928841
8304.0	78.470351
8979.0	81.752830
10471.0	83.927569
10644.0	79.302108
2120.0	81.110868
11036.0	85.096905
10284.0	85.653595
10408.0	85.558151
8284.0	81.884425
5133.0	67.293840
746.0	69.427932
5264.0	72.816781
5183.0	72.024210
6453.0	77.058616
7685.0	80.629783
7446.0	76.931304
2037.0	80.276867
14462.0	90.754257
12657.0	91.155340
11355.0	90.010000
9837.0	89.172068
7758.0	80.671186
1085.0	82.080223
7069.0	85.085590
6986.0	86.977099
12977.0	93.705570
4945.0	88.478540
4632.0	85.025227
1823.0	88.483633
7151.0	92.025390
8720.0	93.194761
9811.0	93.917395
8195.0	90.900194
7887.0	84.680128
1870.0	87.027564
7245.0	89.039087
7537.0	87.019069
6877.0	86.384894
7383.0	85.734166
7267.0	80.332677
2093.0	83.617497
7780.0	87.931879
7376.0	87.975752
6148.0	85.137829
5967.0	85.158980
6756.0	81.620234
1724.0	84.012637
7709.0	89.351613
8268.0	89.930378
8244.0	89.759710
8051.0	88.909823
7830.0	81.771288
2549.0	84.861931
9736.0	89.226603
9256.0	88.857888
9370.0	86.447336
8714.0	85.792631
8269.0	81.132471
1730.0	83.280293
8508.0	85.686266
7112.0	83.113734
7249.0	83.622289
7108.0	83.506488
6231.0	79.455070
1969.0	81.937026
7568.0	85.181175
8748.0	88.853461
8731.0	87.824109
8369.0	88.552466
8501.0	82.894223
1649.0	84.914555
8625.0	87.114900
8923.0	86.797123
7529.0	84.662540
7914.0	84.849369
8106.0	81.638031
2446.0	84.645497
8975.0	85.380647
8766.0	85.575400
8906.0	86.098373
8047.0	84.709074
8135.0	80.545659
1688.0	82.790501
7544.0	83.731003
7271.0	83.395881
23088.0	96.997759
6259.0	85.362689
6373.0	77.674745
1357.0	80.140317
6681.0	85.874650
6456.0	82.907599
5736.0	82.704742
5995.0	83.637923
6356.0	77.295027
1438.0	79.818177
6621.0	83.040229
6516.0	80.957963
6941.0	80.833602
7338.0	78.586460
8494.0	72.310477
1732.0	75.621314
9855.0	81.566835
8980.0	77.741639
9575.0	77.610297
9639.0	78.372266
9932.0	70.186558
1803.0	73.630480
9624.0	76.917833
9345.0	77.112767
10192.0	75.956222
9595.0	74.666067
10060.0	66.068667
2862.0	72.513279
12912.0	81.268314
11481.0	78.169852
11354.0	77.438681
11634.0	75.886264
11345.0	62.420699
2303.0	67.576375
12473.0	75.915353
11923.0	74.411804
10885.0	69.028903
9816.0	65.911967
9810.0	58.158102
2429.0	64.788216
11876.0	73.167839
9954.0	62.640222
8901.0	62.757965
8004.0	58.602726
7803.0	42.737085
1438.0	47.995679
8484.0	63.681403
9916.0	60.725569
8950.0	60.120608
8553.0	58.168575
7367.0	39.403384
1222.0	43.811373
10503.0	62.835224
10460.0	63.390418
10519.0	62.227510
8755.0	55.693661
7783.0	37.786028
1405.0	42.577565
9270.0	56.396011
7573.0	46.317372
13284.0	71.116093
4968.0	39.333878
4097.0	36.019416
1027.0	42.573109
5032.0	49.436801
4797.0	52.602151
5374.0	55.475388
5320.0	57.612079
6156.0	59.989323
1937.0	65.844997
6772.0	69.433876
6912.0	69.428068
6695.0	70.424040
6777.0	70.446956
6571.0	67.861583
1822.0	72.901216
6530.0	71.579113
6151.0	72.216526
6131.0	72.100702
4902.0	70.457482
5390.0	68.158858
1332.0	71.444176
5505.0	73.647703
5272.0	74.704810
4625.0	74.389135
4761.0	73.327414
3768.0	72.099081
1733.0	75.686762
3848.0	77.647148
4787.0	78.273470
4248.0	80.497711
3301.0	81.225899
2356.0	81.330287
1755.0	83.939704
3213.0	83.690509
3173.0	83.338099
2493.0	84.162299
2680.0	84.389683
2640.0	83.552986
1640.0	85.444303
1982.0	84.863022
2446.0	84.941129
2438.0	84.166713
2242.0	84.207061
2506.0	83.982394
1463.0	86.040585
2370.0	84.044979
2350.0	83.802611
2929.0	84.007829
2476.0	83.725059
2846.0	83.357655
1468.0	85.356131
2627.0	83.728779
2566.0	83.835563
2898.0	83.733981
2761.0	83.287459
2522.0	83.214717
1308.0	85.569902
2694.0	83.579920
2886.0	82.970613
13867.0	88.205935
1476.0	82.896005
2031.0	80.699805
1507.0	84.821665
2125.0	83.714919
2659.0	83.132910
2582.0	83.111046
2906.0	82.610331
2640.0	81.968669
1070.0	84.049811
2889.0	82.984282
3018.0	82.852725
2755.0	83.137014
3281.0	82.628081
2923.0	80.031016
1521.0	83.805903
3167.0	83.417264
3575.0	82.551809
3365.0	83.024094
3838.0	82.825471
3805.0	80.955052
1077.0	83.627963
3595.0	83.115533
4053.0	82.580808
3736.0	81.939297
3622.0	80.970981
3625.0	79.789621
1709.0	84.457578
4119.0	82.739348
4093.0	82.251629
4035.0	81.243088
3922.0	81.034239
4226.0	78.359686
501.0	79.722644
4534.0	81.503300
4757.0	81.211611
4594.0	81.018752
4665.0	80.555116
4637.0	78.390573
537.0	79.549849
4967.0	79.710622
5065.0	79.875157
4856.0	76.867107
4681.0	76.168319
4167.0	72.803938
1800.0	79.001511
4845.0	79.764978
4845.0	78.769953
5064.0	78.678695
4734.0	78.266930
4470.0	75.649541
930.0	78.752979
4635.0	77.243878
4368.0	77.533731
4494.0	76.235911
4252.0	76.750046
4568.0	75.535405
1450.0	79.715272
4970.0	80.723791
