8893.0	87.501438
3814.0	86.893107
4238.0	86.612019
1259.0	89.083035
4379.0	90.298666
4480.0	90.133751
4054.0	90.124600
3957.0	90.318660
3472.0	89.792584
1140.0	91.659647
3464.0	90.285202
3128.0	90.407875
2682.0	89.790831
2954.0	91.225163
3135.0	91.016449
4205.0	93.029616
4704.0	93.668444
3695.0	93.704928
3708.0	94.253650
3491.0	93.635685
4027.0	93.980897
1882.0	95.096159
4033.0	95.113975
4235.0	95.007911
4303.0	95.345136
4472.0	95.541328
4262.0	95.136223
3633.0	95.979711
4586.0	96.123945
4708.0	95.969781
5105.0	95.633015
5480.0	95.345589
6855.0	95.016820
2699.0	96.484195
6470.0	95.988127
5012.0	96.144060
6837.0	95.883004
5544.0	95.840230
6483.0	95.174727
3296.0	96.624953
5636.0	96.582553
7246.0	95.962631
7361.0	96.064628
7783.0	96.103739
5949.0	95.804562
3934.0	96.684436
8303.0	96.280965
6831.0	96.195802
7284.0	96.308129
7160.0	96.197884
7810.0	95.972315
3675.0	96.583145
7592.0	96.116882
7364.0	96.134227
7139.0	95.922243
9145.0	96.641323
6916.0	95.677032
4470.0	96.414268
8977.0	96.636430
8340.0	96.491895
28646.0	97.503034
8033.0	97.240527
6942.0	96.388003
3059.0	96.615857
7277.0	97.213578
6684.0	96.939074
5769.0	95.629349
4835.0	95.576325
6065.0	95.481958
2277.0	95.837884
5258.0	96.311301
6368.0	95.791601
3767.0	95.985625
3781.0	96.025560
6084.0	95.631484
2347.0	95.902857
4943.0	96.427110
5652.0	95.807601
7579.0	95.734449
5867.0	96.045807
6279.0	95.655978
2280.0	96.065036
5912.0	96.377126
8376.0	96.292019
5165.0	96.289508
8073.0	96.171334
6346.0	95.841782
4023.0	95.973452
8380.0	96.230388
6809.0	96.248139
8518.0	96.275123
6558.0	96.316647
8272.0	96.041170
3891.0	96.079309
8619.0	96.411998
10336.0	96.376863
13543.0	95.608814
9385.0	95.807979
8146.0	95.301910
4475.0	95.800719
10855.0	96.188028
9311.0	96.316635
10363.0	96.357511
9382.0	96.434532
10555.0	95.693869
4695.0	95.781492
9764.0	96.251491
11471.0	96.104691
10612.0	96.478993
9230.0	96.454597
10267.0	96.057525
5927.0	96.279894
13761.0	96.834017
8672.0	96.962348
12039.0	96.874273
11193.0	96.651287
10239.0	95.846181
4200.0	96.206269
10657.0	97.132198
8504.0	97.138037
32767.0	97.611153
7801.0	96.883671
8942.0	95.938163
1984.0	96.067841
7523.0	97.202727
9168.0	97.012466
7911.0	97.251275
8532.0	97.065454
8522.0	96.090971
2515.0	96.236699
10036.0	97.355704
8964.0	97.153087
11994.0	97.212019
8217.0	97.426177
10100.0	96.170832
2928.0	96.392174
9715.0	97.389867
10232.0	97.349766
9835.0	97.439142
8954.0	97.306279
9279.0	96.373990
3410.0	96.565566
12710.0	97.633694
9534.0	97.498337
8681.0	97.787428
10790.0	97.580503
8138.0	96.323545
3554.0	96.468110
9111.0	97.858643
9233.0	98.067829
16406.0	97.438465
11708.0	97.747890
13137.0	96.009740
4482.0	96.259054
13351.0	97.867189
13040.0	98.049216
12967.0	97.928902
12130.0	98.006842
13598.0	95.965491
1737.0	95.977440
14484.0	98.149791
12897.0	98.156368
12527.0	98.176923
12897.0	98.062587
12514.0	96.073107
1660.0	96.184291
13005.0	98.345048
12712.0	98.444128
17122.0	98.048420
12075.0	97.741672
11834.0	95.703804
3545.0	96.050483
12096.0	98.145836
10755.0	97.468397
9438.0	97.706617
10302.0	97.303059
11484.0	95.882312
3041.0	96.249449
11112.0	97.886064
10249.0	97.729710
34762.0	98.121441
4987.0	96.964483
5269.0	95.914458
2724.0	96.174361
8859.0	97.420590
5687.0	97.128080
8739.0	97.378039
8380.0	97.330379
6300.0	96.223119
2100.0	96.375718
9823.0	97.415170
6843.0	97.310410
8515.0	97.669073
7326.0	96.682741
8588.0	95.727074
2879.0	96.101013
8032.0	97.407103
7838.0	96.657145
7513.0	96.912188
7166.0	95.430024
6341.0	93.911232
2881.0	94.644692
6898.0	95.273791
5869.0	94.929601
6731.0	94.734787
5596.0	95.477974
5644.0	94.860189
2492.0	95.502017
6528.0	95.905199
4669.0	95.784104
6406.0	95.534735
4418.0	95.621575
3591.0	95.142875
3470.0	95.447780
5238.0	95.291481
3100.0	95.427534
3813.0	95.133066
4574.0	95.127927
2531.0	94.932518
1677.0	95.261526
5008.0	95.765386
4306.0	95.560970
4735.0	95.489245
4024.0	95.600595
3936.0	95.344896
1580.0	95.514403
4965.0	95.687274
2515.0	95.545420
3570.0	96.050393
4949.0	95.472452
2952.0	95.013586
2580.0	95.409012
3289.0	95.868133
3717.0	95.584803
2873.0	95.788331
3800.0	95.852138
3189.0	95.704424
1356.0	95.999951
3587.0	95.942568
3432.0	95.934439
25790.0	96.192459
3403.0	95.414286
3717.0	95.144362
3166.0	95.585940
5659.0	95.957531
5076.0	95.563631
5659.0	95.662358
5582.0	95.655967
5038.0	95.408028
2101.0	95.768603
6618.0	96.133119
5087.0	95.946669
6105.0	95.841331
5740.0	95.812936
5060.0	95.086024
2804.0	95.528301
5778.0	96.018432
6183.0	95.750173
7404.0	95.573970
6416.0	95.472395
5767.0	94.883294
3072.0	95.484207
7804.0	96.093728
8424.0	96.305443
7461.0	95.954564
6520.0	96.063024
6731.0	94.906767
2643.0	95.621236
8451.0	96.175507
7782.0	96.057349
7159.0	96.063161
7964.0	96.013690
6844.0	95.510625
2507.0	96.047435
9628.0	96.684720
8232.0	96.827233
13485.0	95.745160
6725.0	96.141206
7434.0	95.730096
4139.0	96.082775
8465.0	96.962264
7218.0	96.400998
7325.0	96.275123
7514.0	96.585183
7516.0	95.487177
2472.0	95.901583
8603.0	96.590459
9254.0	96.261123
7411.0	96.089612
7013.0	95.874070
6964.0	95.277501
2652.0	95.652017
9098.0	96.190815
9038.0	96.511222
8327.0	95.975109
9852.0	96.126335
12277.0	92.232910
5670.0	93.885153
13664.0	89.819740
14920.0	88.347752
48476.0	95.984536
13606.0	90.924824
15399.0	89.738718
1542.0	89.982560
16071.0	93.737929
14958.0	94.391179
14132.0	95.176064
14317.0	95.978214
17987.0	92.518156
3154.0	93.099339
17929.0	99.738531
15045.0	99.288310
14086.0	97.532961
7933.0	94.914030
7433.0	84.179866
876.0	84.978485
9020.0	91.603553
12390.0	94.728252
14798.0	95.442731
16421.0	96.212860
16702.0	92.359527
2719.0	92.880888
18550.0	95.293462
16671.0	94.665887
14976.0	94.092444
13355.0	92.464795
12633.0	86.759444
1341.0	87.610093
14395.0	91.553670
14766.0	91.629901
15565.0	91.367697
14964.0	91.964838
14794.0	87.348053
2039.0	88.111958
19124.0	94.277028
18118.0	93.763322
17514.0	93.869185
16297.0	93.022482
14343.0	87.004229
1542.0	87.521498
17718.0	93.144992
17202.0	94.040559
15841.0	93.283171
15783.0	93.309228
13031.0	86.236119
1712.0	87.295703
17096.0	94.300230
15984.0	93.825157
14579.0	93.403288
14759.0	93.516114
13603.0	89.008389
1399.0	89.838720
16001.0	94.007379
17253.0	95.468451
16058.0	95.175038
14628.0	94.701701
13035.0	89.673252
1866.0	90.434293
14118.0	95.092281
13187.0	95.408486
20556.0	97.850625
10015.0	95.567840
8959.0	92.785916
2382.0	93.719072
12317.0	97.252975
13997.0	97.850001
15602.0	98.774916
14082.0	97.699694
12702.0	91.191502
2523.0	92.463854
13718.0	97.571644
13692.0	96.881386
12444.0	95.709784
13075.0	95.240886
12792.0	89.901774
2328.0	91.051834
13620.0	96.367065
13307.0	96.476680
11805.0	95.405511
12133.0	96.083896
12148.0	90.504347
2624.0	91.676549
13806.0	97.385326
14528.0	97.464458
14872.0	97.759500
14878.0	97.375379
14034.0	90.684072
2877.0	91.818277
15932.0	96.430627
15779.0	96.403914
16777.0	95.440538
15500.0	95.087864
13849.0	89.503226
2057.0	90.293067
15341.0	94.892803
13209.0	94.040020
12962.0	93.535223
12043.0	92.610503
11928.0	88.857128
2830.0	90.083181
14015.0	94.118067
12650.0	94.380385
12632.0	93.534638
13854.0	94.698383
14224.0	89.840267
2196.0	90.700522
14049.0	94.331950
14161.0	93.763494
13499.0	93.429937
13653.0	93.408607
13005.0	89.521011
2675.0	90.776876
17112.0	94.520633
14934.0	93.772197
15456.0	94.457538
14519.0	93.805973
13327.0	88.806844
2037.0	90.040742
12644.0	92.961326
11975.0	92.793701
31061.0	100.000000
10683.0	93.783814
10719.0	87.190309
2234.0	88.782199
10106.0	93.709751
10939.0	92.537954
10030.0	92.744262
9833.0	92.784790
10926.0	86.777407
2275.0	88.297533
9981.0	91.331905
11006.0	91.329965
10450.0	89.874834
12313.0	90.152021
14229.0	84.193261
4164.0	87.290553
16057.0	91.999596
15011.0	90.064297
15590.0	89.507669
15768.0	90.062345
14940.0	80.924615
1914.0	82.353215
16384.0	90.107888
14842.0	88.642387
15517.0	87.935086
16751.0	88.269989
16969.0	79.642056
2880.0	82.330620
19964.0	91.670740
19548.0	91.650046
18381.0	89.920072
17911.0	88.099280
16992.0	74.776189
2287.0	77.219693
19141.0	87.996951
17733.0	85.656186
18028.0	83.912900
18321.0	85.187509
18348.0	75.210159
2602.0	77.642174
20633.0	88.563689
21183.0	86.678833
18153.0	86.763585
16103.0	84.335185
13108.0	63.397172
2155.0	67.192256
16731.0	87.590889
17655.0	82.628461
14316.0	79.782004
15531.0	81.833436
14125.0	63.140038
1630.0	65.925967
20259.0	88.169966
19569.0	88.220045
17776.0	81.281833
13313.0	72.593775
12352.0	53.551993
1502.0	56.789581
16364.0	75.106355
17934.0	75.199913
20849.0	85.178228
12423.0	72.225804
10099.0	66.048805
1400.0	69.026808
11518.0	76.342974
12912.0	82.171943
12845.0	83.232426
12235.0	83.159770
11939.0	78.595295
2225.0	81.311494
12559.0	84.999286
12972.0	85.773461
12556.0	86.085730
12883.0	86.308033
12381.0	82.613165
2112.0	84.772085
11931.0	85.734680
11196.0	86.154348
10593.0	85.454476
9739.0	85.744534
10203.0	82.581808
3347.0	85.971394
9727.0	86.766839
9383.0	86.858157
8859.0	86.875410
9219.0	86.166504
8026.0	85.851136
3467.0	88.514018
7830.0	89.033824
7701.0	88.917351
7008.0	89.155037
6323.0	89.732411
5332.0	89.832457
2882.0	91.160083
6086.0	91.024634
5840.0	90.998256
5120.0	91.522361
5317.0	91.250684
5209.0	90.571132
1270.0	91.201148
5526.0	92.128163
4567.0	91.143227
4741.0	91.208718
4518.0	91.535122
5082.0	90.892624
1092.0	91.349737
5555.0	91.560184
4801.0	91.310492
5513.0	91.220428
4850.0	91.246516
5435.0	90.846890
1252.0	91.449970
5776.0	91.411365
5234.0	91.707404
5368.0	91.136469
5040.0	90.645300
5128.0	90.648149
2266.0	91.707109
5426.0	90.798864
5397.0	90.716137
19454.0	92.291278
3471.0	89.675590
4377.0	88.760508
1865.0	90.509751
5191.0	91.107680
5715.0	91.067344
4870.0	90.602417
5277.0	90.405064
4940.0	89.830399
1607.0	91.289421
6119.0	91.414639
6155.0	91.211561
4655.0	90.851015
5756.0	90.443073
5735.0	89.392419
1036.0	90.276999
5926.0	90.713034
5953.0	90.307402
5776.0	90.422594
5923.0	89.782452
5825.0	88.211609
2218.0	90.132654
6122.0	90.520055
6674.0	90.322079
6712.0	90.443408
6758.0	90.178572
6110.0	88.112789
1740.0	89.899414
6776.0	90.474050
6330.0	89.986637
6675.0	89.600165
6523.0	89.063337
6754.0	87.100716
1658.0	89.119258
8063.0	90.968111
7583.0	89.084423
7335.0	89.172413
7495.0	88.784398
7669.0	86.926264
2457.0	89.457115
8315.0	89.340477
7592.0	88.144497
8367.0	87.406789
7918.0	86.912464
7144.0	83.994564
2465.0	87.862298
7847.0	88.068298
7591.0	87.021430
7557.0	86.777176
7122.0	86.422817
6804.0	83.931334
2257.0	87.467201
7915.0	87.741086
7166.0	86.827285
7404.0	86.506985
6810.0	86.852556
7362.0	84.434331
2568.0	87.994820
8039.0	88.931014
