8077.0	84.750398
2808.0	81.506731
3024.0	81.292097
938.0	84.794081
3186.0	85.761129
3423.0	86.722084
3213.0	87.102455
3048.0	87.807681
2603.0	86.811958
1044.0	89.428642
2758.0	88.335138
2574.0	88.264607
2120.0	87.177676
2061.0	88.364999
2025.0	86.902671
1184.0	90.176014
2952.0	91.795984
2587.0	92.059546
2563.0	92.602676
2622.0	92.200995
2487.0	92.246339
3042.0	93.570961
3908.0	93.610017
2901.0	93.341180
3027.0	93.759853
2690.0	93.069145
2957.0	93.034230
1677.0	94.665719
3608.0	95.220452
3304.0	94.542414
2893.0	94.453697
3228.0	94.077421
3219.0	94.705454
2241.0	96.095809
3258.0	95.528388
3202.0	95.152009
3548.0	95.581280
3073.0	95.014513
3633.0	94.915210
1664.0	96.280426
3531.0	95.776555
3932.0	95.572545
4235.0	95.328765
3848.0	94.942278
3739.0	94.693217
3005.0	95.973637
4229.0	94.922500
4006.0	95.035690
3860.0	95.062069
3918.0	94.958634
4044.0	94.717004
4937.0	95.875429
5301.0	95.043464
5483.0	95.153540
5049.0	94.959026
5826.0	95.248970
5035.0	94.938739
4060.0	95.983775
6620.0	95.929772
5816.0	95.760704
17444.0	96.915624
4024.0	95.628342
3564.0	94.594892
2301.0	95.778499
5427.0	97.099603
2998.0	96.687985
3587.0	94.957026
2927.0	94.863493
5034.0	94.956280
1042.0	95.294745
3341.0	95.424575
4421.0	95.279340
3319.0	95.474180
3037.0	95.445373
4167.0	94.762215
913.0	95.034884
2995.0	95.614331
4482.0	95.743952
5898.0	95.305342
4557.0	95.628405
4923.0	95.084107
651.0	95.115357
4222.0	95.491092
4727.0	95.421228
3829.0	95.784489
5560.0	95.413895
4421.0	95.544127
2364.0	95.645853
5295.0	95.696317
4469.0	95.521519
5687.0	95.545640
4609.0	95.784097
5480.0	95.559787
2371.0	95.841854
5498.0	95.843692
5284.0	95.694854
11360.0	95.512513
6360.0	95.438278
5781.0	95.207472
3481.0	95.428418
7364.0	95.488935
6608.0	95.514537
7049.0	95.611331
6642.0	95.621556
7173.0	94.951857
2589.0	95.147536
6825.0	95.559342
7780.0	95.363973
7469.0	95.995150
7522.0	96.141969
6541.0	95.402180
3617.0	95.718611
9714.0	95.949714
7318.0	96.489815
9599.0	96.900925
9304.0	96.402387
8155.0	95.698608
1034.0	95.820654
8706.0	96.741139
6962.0	96.947527
28024.0	97.543167
4497.0	96.328277
8067.0	95.427805
1440.0	95.791536
6423.0	96.937363
7896.0	96.759778
6818.0	96.971258
7183.0	96.797555
7198.0	95.762638
1956.0	96.116068
7301.0	96.825128
7775.0	96.739044
10204.0	96.874306
6298.0	96.981893
7372.0	95.517408
3091.0	95.961353
8031.0	97.100860
7264.0	96.940619
6979.0	96.892554
7752.0	97.024893
6833.0	95.777476
2416.0	96.069906
9017.0	97.076559
6944.0	97.097192
6944.0	97.288751
9043.0	97.241433
6720.0	96.138960
2452.0	96.341206
6403.0	97.204055
6614.0	97.580103
9034.0	96.667217
5933.0	96.992680
7051.0	95.302450
5061.0	95.663900
6567.0	97.083739
7034.0	97.274700
7672.0	97.200886
7192.0	97.233342
6685.0	95.078118
1268.0	95.335547
7403.0	97.430412
7514.0	97.495385
6608.0	97.345535
6496.0	97.022729
6545.0	95.428689
2022.0	95.718272
7435.0	97.718044
6306.0	97.539109
8128.0	97.422509
6999.0	97.142461
6771.0	95.222974
944.0	95.485241
6109.0	97.599343
6312.0	97.108157
5591.0	97.236008
6161.0	96.777357
5658.0	95.189333
1655.0	95.623355
5790.0	97.295925
5421.0	97.185664
22400.0	97.754045
3701.0	96.462709
3526.0	95.355456
1417.0	95.791082
4637.0	96.594898
4392.0	96.521863
4898.0	96.647342
4744.0	96.313081
4749.0	95.496240
4664.0	96.073430
5909.0	96.537191
5369.0	96.663443
5665.0	96.706409
5383.0	95.567406
5987.0	94.404850
2266.0	95.411008
5879.0	96.048734
5687.0	95.242408
4844.0	94.804565
5240.0	94.745591
4714.0	91.894241
4952.0	93.800853
5150.0	94.211240
4541.0	94.007137
4827.0	93.585081
4067.0	94.440809
3957.0	94.194239
4056.0	94.807969
5160.0	95.378014
4153.0	95.054679
4241.0	94.546997
3243.0	94.793207
4613.0	94.833978
1877.0	95.164659
4437.0	94.817183
3258.0	95.305784
3644.0	95.247972
3888.0	95.055767
2664.0	94.984282
437.0	95.074252
3987.0	95.329725
3684.0	94.811375
4528.0	95.068568
3886.0	95.292891
3737.0	95.035207
697.0	95.160885
4172.0	95.159036
2681.0	95.265466
2274.0	95.829159
3732.0	95.269821
2419.0	94.906795
509.0	94.966302
2335.0	95.253262
3319.0	95.320197
1610.0	95.266780
3323.0	95.546991
2758.0	95.486622
2235.0	95.526876
2199.0	95.405391
2305.0	95.450200
14873.0	95.536952
3057.0	94.642000
3715.0	94.805347
506.0	94.795371
4007.0	95.092253
4604.0	95.240317
4766.0	95.085516
4615.0	95.002067
4248.0	95.049768
2296.0	95.281999
4585.0	95.345321
4538.0	95.777418
5491.0	95.643454
5008.0	95.361603
4122.0	94.790238
1811.0	95.020259
3926.0	95.246319
5065.0	95.190448
6584.0	95.261608
5637.0	95.026685
4993.0	94.612309
2079.0	94.885143
5237.0	95.442022
5851.0	95.528851
5964.0	95.214074
5352.0	95.516073
5986.0	94.806036
2151.0	95.000862
5780.0	95.527118
6838.0	95.806099
5779.0	95.562262
6337.0	95.689572
5707.0	95.097611
559.0	95.169894
6914.0	95.946812
5918.0	96.354385
10453.0	95.292019
6321.0	95.785002
6772.0	95.385972
560.0	95.461551
6005.0	96.571847
6425.0	96.534752
5882.0	95.866170
6157.0	96.023749
5911.0	95.301188
582.0	95.337969
6354.0	95.955220
6714.0	95.678511
6224.0	95.782510
5635.0	95.419087
5871.0	95.034339
2909.0	95.391654
6345.0	95.653696
6689.0	96.047907
6773.0	95.556367
8003.0	95.649961
9871.0	91.589398
4386.0	92.931781
11498.0	88.070543
12313.0	85.874120
42770.0	95.205111
11375.0	88.913819
13195.0	88.200519
1142.0	88.546570
13881.0	92.488839
13489.0	93.543383
11335.0	93.609437
11020.0	94.675595
11193.0	89.741634
1632.0	90.324177
13400.0	97.354084
10827.0	96.309811
9519.0	92.994426
4268.0	86.752246
3820.0	72.525450
259.0	72.851719
4201.0	78.391144
5110.0	80.378367
6444.0	82.622863
8233.0	86.366444
9805.0	85.145574
1584.0	85.982376
17939.0	93.024716
15804.0	93.334672
14614.0	92.844418
12166.0	91.038682
11155.0	84.651828
864.0	85.140484
11421.0	88.142762
9605.0	85.301779
8587.0	81.429684
8017.0	81.266777
8485.0	78.213770
1036.0	79.090484
13586.0	87.604039
17397.0	91.174363
14455.0	91.151621
12579.0	89.316656
10848.0	82.152953
972.0	82.888400
12409.0	87.642515
12045.0	88.972205
10324.0	86.451126
8835.0	83.734342
7474.0	75.543186
909.0	77.068469
10806.0	87.299100
12314.0	88.708500
16529.0	93.607600
14187.0	92.699668
11246.0	86.345458
1280.0	87.556102
14096.0	92.321496
12775.0	92.480112
11939.0	91.058692
9511.0	88.977873
7563.0	80.957087
1002.0	82.666948
9072.0	89.764624
8787.0	89.928588
15468.0	95.719919
8470.0	94.369689
7779.0	91.330648
2104.0	92.881560
9813.0	95.305613
11203.0	96.143163
12691.0	96.907043
11714.0	96.010274
10212.0	88.989003
1214.0	89.945000
10978.0	95.314668
10585.0	93.843855
10120.0	93.249123
9646.0	91.236096
8907.0	84.714905
1715.0	86.540839
9188.0	90.804686
8343.0	90.060656
8013.0	88.989449
7335.0	89.120943
7903.0	83.575452
1177.0	84.510230
8429.0	91.000459
8308.0	90.273740
9242.0	91.522571
9196.0	90.444506
10252.0	85.850290
2356.0	87.746254
11609.0	92.453318
11257.0	91.712916
11812.0	90.651604
10979.0	90.143757
10144.0	84.802860
1565.0	86.124513
11246.0	90.603760
9554.0	89.113691
9578.0	88.900095
8796.0	88.091436
9228.0	85.306550
2575.0	87.005573
10958.0	91.348054
10183.0	91.654605
9390.0	89.859227
10511.0	91.396786
9727.0	85.118672
1879.0	86.634510
10817.0	90.912691
10779.0	89.676280
10006.0	89.168212
10177.0	89.434977
10201.0	86.372221
3235.0	88.761116
13498.0	91.847786
11311.0	90.249181
11728.0	90.807032
10690.0	89.837269
10607.0	85.266790
1992.0	86.886239
10123.0	89.049800
9042.0	88.646097
26545.0	98.370300
8601.0	91.021464
8812.0	84.114269
2372.0	86.688727
8718.0	91.346125
9604.0	90.521771
8620.0	90.428954
8527.0	90.930395
8618.0	83.829559
2499.0	86.333027
8691.0	89.160155
8859.0	88.421938
9303.0	87.817448
9899.0	85.956352
11478.0	79.355311
2610.0	82.757121
13457.0	88.872200
13277.0	87.319598
13623.0	87.321019
13821.0	87.843765
12736.0	77.933965
2317.0	80.824641
13581.0	87.466330
12247.0	84.124752
12948.0	84.138005
12892.0	82.595382
13499.0	74.636938
2624.0	78.234209
14860.0	84.502676
14348.0	83.937634
13529.0	82.299860
12801.0	78.867167
12606.0	65.826342
1919.0	69.495318
14348.0	80.219203
12438.0	75.896471
12298.0	72.068869
11658.0	71.808962
11037.0	62.559231
2344.0	67.307348
14579.0	78.618711
13616.0	74.121785
11170.0	71.978716
10994.0	71.967691
10266.0	55.820170
2167.0	60.792580
11267.0	74.303555
12496.0	70.221834
11205.0	71.093533
11151.0	68.964350
8905.0	46.722531
1802.0	52.361656
14860.0	76.622383
14231.0	76.774465
12539.0	68.772133
8929.0	56.716072
7732.0	35.932827
1556.0	41.744399
10693.0	62.029000
10412.0	57.412825
15057.0	74.886305
6446.0	49.240344
5257.0	44.220493
1118.0	49.486399
6539.0	58.331626
8519.0	69.601693
7491.0	68.834448
8372.0	72.269145
8247.0	69.058758
2400.0	74.348729
9275.0	77.943649
9606.0	79.128820
8444.0	76.794690
8621.0	76.832312
8350.0	74.217612
1654.0	77.102846
8316.0	77.893408
7922.0	78.543684
7755.0	78.107208
7141.0	78.916878
6881.0	74.766910
2335.0	79.095463
7562.0	81.402780
6859.0	80.584010
6541.0	81.354141
6897.0	80.994517
5863.0	80.534137
2707.0	83.891402
6068.0	85.272185
6001.0	84.774465
5135.0	85.347990
4356.0	85.794368
3378.0	86.206882
1620.0	87.213593
4119.0	86.942627
4085.0	86.946736
3431.0	87.888422
3458.0	87.867530
3481.0	86.680846
1353.0	87.720673
3873.0	88.516464
3003.0	87.490592
3095.0	87.356516
3057.0	87.776316
3255.0	87.140708
1196.0	88.102746
4226.0	88.509844
3057.0	87.601031
3740.0	87.292988
3197.0	87.551616
3712.0	87.116887
1051.0	88.330926
3585.0	87.397491
3342.0	87.260306
3728.0	87.271121
3711.0	87.233605
3379.0	86.904590
1060.0	87.955238
4166.0	87.593970
3577.0	86.470480
15920.0	90.003920
2170.0	85.842635
2853.0	84.201322
1428.0	86.764247
2934.0	86.609354
3485.0	86.586279
3457.0	86.842046
3786.0	86.604057
3453.0	85.763800
868.0	86.985879
3760.0	86.824418
3915.0	86.454467
3507.0	87.021308
4165.0	86.619569
3839.0	84.255119
1510.0	86.780075
4105.0	86.255000
4382.0	85.782605
4214.0	86.306039
4689.0	85.583710
4761.0	85.066146
857.0	86.531283
4463.0	86.689502
4622.0	85.772496
4586.0	85.593367
4606.0	85.168262
4503.0	84.099854
1568.0	86.767679
5073.0	86.633569
5065.0	86.351023
4951.0	85.376283
4905.0	85.185412
5324.0	82.917325
519.0	84.007643
5616.0	85.531756
5694.0	84.186966
5289.0	83.275955
5290.0	83.476377
5362.0	81.518821
1149.0	83.948021
6220.0	84.677228
6281.0	84.560361
6002.0	81.083741
5739.0	80.579588
5520.0	78.991405
1714.0	83.339305
5678.0	82.206812
5413.0	81.316374
5286.0	80.559275
5363.0	80.013883
5065.0	78.571703
1767.0	83.440855
6248.0	83.389430
5599.0	82.280465
5523.0	80.745797
5323.0	81.545939
5560.0	79.085993
1734.0	83.793915
6252.0	85.410028
