5777.0	71.836243
1284.0	66.006707
1855.0	70.810903
312.0	73.175810
1910.0	76.362178
1940.0	76.937966
1843.0	78.025785
1715.0	78.000874
1498.0	77.564504
519.0	81.356794
1687.0	80.579911
1573.0	81.107182
1145.0	77.944595
1014.0	77.599246
1034.0	77.916187
714.0	83.663917
1653.0	85.428866
1485.0	85.902040
1725.0	87.048917
1500.0	87.096366
1391.0	86.688803
1683.0	88.361543
1905.0	89.034407
1612.0	88.048574
1603.0	89.137277
1588.0	89.855214
1742.0	89.082031
1279.0	91.428817
1740.0	91.300646
1751.0	91.106900
1668.0	91.508748
1824.0	91.135829
1687.0	91.864926
1177.0	93.409619
1583.0	92.849210
1655.0	92.835327
1937.0	93.180993
1876.0	93.091136
1826.0	92.333761
1046.0	93.618037
1966.0	93.378449
2073.0	92.982558
2275.0	93.381705
1871.0	92.593747
1939.0	91.651521
1178.0	94.263965
1975.0	91.909650
2074.0	91.994070
2278.0	93.215448
2333.0	93.100009
2115.0	92.877303
3756.0	94.086263
2209.0	92.923247
2560.0	93.487250
2252.0	92.493573
2310.0	92.600218
2266.0	92.201572
2213.0	93.673364
2536.0	93.467666
2916.0	92.990813
9952.0	94.902601
2105.0	93.193206
1959.0	91.811161
1115.0	93.816267
2256.0	94.961864
1071.0	94.433760
1244.0	92.289874
988.0	92.637241
739.0	92.324031
454.0	92.670599
838.0	92.820985
640.0	92.321117
849.0	92.954700
756.0	93.145924
873.0	92.867568
441.0	93.122658
745.0	93.085924
949.0	93.826417
1679.0	93.751209
1386.0	93.614801
1260.0	92.689752
611.0	93.185588
1480.0	93.752607
1224.0	93.648275
1427.0	94.380077
2032.0	93.922954
1597.0	93.294667
918.0	94.005652
2194.0	94.256046
1942.0	94.581067
1739.0	94.180451
1497.0	93.651572
1811.0	93.731399
1067.0	94.277200
2086.0	94.344502
2343.0	94.148671
2735.0	93.204424
2409.0	93.504352
2350.0	93.287363
1122.0	93.546067
3168.0	94.401282
2900.0	94.321949
3503.0	94.473906
3436.0	94.352294
3357.0	93.516643
487.0	93.776722
3778.0	94.126322
3995.0	94.007218
4035.0	95.182039
4364.0	95.265070
4130.0	94.872993
542.0	95.028990
5002.0	95.108710
4708.0	95.401678
5940.0	95.660925
4448.0	95.278605
3909.0	94.369504
1923.0	95.190329
5055.0	95.955077
3589.0	95.569399
14052.0	96.847373
3320.0	95.357557
3402.0	94.216641
443.0	94.409183
3130.0	96.011895
3573.0	95.673019
3500.0	95.807495
3556.0	95.701044
3498.0	94.283550
599.0	94.571655
3908.0	96.023948
3897.0	95.364966
4328.0	95.771329
3453.0	95.971024
3762.0	94.533089
686.0	94.839524
3802.0	95.750209
3796.0	96.246653
3974.0	95.893900
3378.0	95.719726
3847.0	94.874188
2487.0	95.689598
4868.0	96.356369
4009.0	96.241271
4471.0	96.444343
4807.0	96.122589
3669.0	94.885917
2794.0	95.620759
3529.0	96.407678
4214.0	96.870750
6126.0	95.736851
3951.0	96.092616
4593.0	94.453814
889.0	94.757572
4163.0	95.922329
4470.0	96.580817
4127.0	95.967751
3943.0	95.772159
3935.0	94.007970
1118.0	94.491649
4166.0	96.082328
4054.0	96.345317
4115.0	96.137721
3790.0	95.900572
4005.0	94.301502
1056.0	94.622026
3918.0	96.419968
3891.0	96.764098
3683.0	95.751469
3421.0	95.438563
3349.0	93.479180
2454.0	94.730415
3646.0	96.249874
3765.0	95.867888
3466.0	96.250091
2884.0	95.053551
2954.0	93.284539
1623.0	94.512388
3286.0	95.959159
2714.0	95.640971
14116.0	97.049612
1960.0	94.885343
1954.0	93.858014
1675.0	94.991508
3167.0	95.341559
2582.0	95.256495
3158.0	95.144632
2548.0	94.183292
2422.0	93.483984
2347.0	95.006870
3824.0	95.091835
3322.0	95.188994
3594.0	94.669372
3080.0	92.894179
3522.0	91.937342
1411.0	93.609669
3112.0	93.331897
2960.0	92.670001
2654.0	91.502504
2659.0	90.620691
3088.0	89.164158
2006.0	91.364413
3055.0	92.090823
2915.0	91.375744
2895.0	90.856216
2638.0	92.068386
2529.0	91.953731
1442.0	93.207739
2825.0	93.615639
2295.0	93.237910
2814.0	93.423624
2153.0	93.270059
2108.0	93.098654
426.0	93.397421
1899.0	93.043542
1681.0	93.553006
2049.0	93.690994
1855.0	93.130216
1270.0	93.175340
39.0	93.192689
2135.0	93.712893
1883.0	93.270245
1922.0	93.590850
1632.0	94.090528
1990.0	93.496752
1094.0	93.898700
2021.0	94.175073
1286.0	94.048021
1067.0	94.180112
1310.0	93.997718
1290.0	93.343982
951.0	94.011681
1450.0	94.455477
1384.0	94.104455
957.0	94.285518
1336.0	94.024832
938.0	94.218450
361.0	94.264908
992.0	94.494704
1079.0	94.235225
9650.0	94.566611
1027.0	93.463199
1411.0	93.612181
727.0	93.734035
2095.0	93.853617
2194.0	93.875938
3003.0	93.910178
2833.0	93.762007
2353.0	93.488465
337.0	93.548612
2338.0	94.116973
2403.0	94.457265
3143.0	94.417775
2860.0	94.151672
1836.0	93.049626
769.0	93.723004
1988.0	93.804281
2437.0	93.669586
3243.0	93.819794
3117.0	93.765034
2357.0	93.446570
429.0	93.615656
2579.0	94.164930
3177.0	94.423584
3281.0	93.957152
2783.0	94.482077
3214.0	93.258226
482.0	93.580261
3282.0	94.405199
3715.0	94.568323
3409.0	94.294559
4028.0	94.678183
3424.0	94.245488
385.0	94.351988
3468.0	94.922802
3263.0	95.127146
3672.0	93.933897
2539.0	94.100502
2645.0	93.980916
939.0	94.308494
2821.0	95.417167
3177.0	94.974750
3121.0	94.541321
3075.0	94.734762
3131.0	93.764150
357.0	93.868744
2864.0	94.480239
3202.0	94.123278
3097.0	94.123062
3011.0	94.129783
3062.0	93.548513
374.0	93.765097
3063.0	93.781654
2987.0	94.460786
3579.0	94.085768
4670.0	94.241454
7117.0	89.896198
3177.0	91.500553
7112.0	83.676045
7525.0	80.172374
28517.0	91.413592
7255.0	83.873807
7894.0	82.411364
891.0	83.261768
7672.0	86.077192
6845.0	85.463923
7333.0	87.297355
7571.0	89.035468
8332.0	85.182436
1900.0	86.525476
10530.0	94.111720
8041.0	92.611646
9558.0	91.827119
3782.0	84.722122
2908.0	67.464535
591.0	69.839578
2679.0	71.778159
2670.0	70.248138
2741.0	66.815367
2772.0	66.150885
2553.0	61.467237
570.0	64.497543
3544.0	68.297386
3571.0	65.611322
4685.0	68.176052
6191.0	72.755008
7730.0	72.825887
1711.0	74.729941
10878.0	82.267013
8079.0	81.327616
6209.0	74.628365
3505.0	64.942987
3005.0	54.205730
732.0	57.970022
3381.0	58.124284
3366.0	55.000869
3382.0	56.614420
3609.0	57.772453
3960.0	54.776715
1063.0	58.345225
5856.0	67.777576
7357.0	73.979178
8218.0	78.288666
8095.0	78.995905
7181.0	72.804869
1377.0	75.421023
7259.0	80.177696
6153.0	76.554252
4580.0	69.924018
3331.0	61.060160
3341.0	58.101089
924.0	64.069056
4596.0	67.576524
4141.0	68.646990
3968.0	64.687342
4375.0	68.883046
4478.0	65.474302
1423.0	70.751934
5711.0	79.064349
6719.0	85.414329
9195.0	87.653825
4068.0	83.992024
4325.0	82.411570
1993.0	87.049517
6666.0	90.228359
6441.0	88.951062
6578.0	86.995086
5808.0	84.532597
4659.0	73.826012
1623.0	78.817151
5129.0	81.814735
4772.0	77.828925
4387.0	74.926890
3951.0	71.632522
3689.0	64.008022
1122.0	69.066638
3621.0	70.319623
3496.0	70.993436
3368.0	70.031962
3519.0	72.110838
3913.0	68.276442
1745.0	74.390209
6465.0	85.230842
6386.0	84.962220
6565.0	85.857133
6063.0	83.177502
6168.0	76.895500
1726.0	80.344141
6342.0	81.876607
6056.0	80.318805
6351.0	77.742392
4343.0	70.245108
3709.0	61.357131
1208.0	66.084849
4598.0	68.582800
4863.0	69.762072
5510.0	74.567560
5014.0	74.506241
4081.0	67.785863
1466.0	71.447292
4955.0	74.910260
4707.0	76.839658
4743.0	75.321214
4753.0	75.304539
5174.0	70.474215
1533.0	73.881363
5957.0	77.647934
5850.0	76.819193
5401.0	76.072648
5279.0	76.012762
4978.0	71.105982
1582.0	75.454041
6228.0	76.977272
5396.0	74.551247
5627.0	74.988304
5238.0	74.610004
5202.0	70.295855
1612.0	73.721099
4928.0	72.533486
4467.0	71.691997
16806.0	91.850634
2739.0	69.134403
2894.0	58.760791
404.0	60.653165
2735.0	62.825159
3064.0	62.890546
3531.0	67.117550
3244.0	67.558857
3960.0	62.704048
1577.0	68.459352
5209.0	74.007096
5397.0	74.696104
4678.0	69.906111
5183.0	67.426426
5288.0	58.477882
1238.0	62.319644
5593.0	65.069750
5972.0	64.811643
6149.0	63.267526
6593.0	66.402960
6328.0	56.645350
1090.0	59.949894
6594.0	65.156343
6338.0	63.619788
6597.0	62.539450
6336.0	61.416820
6099.0	50.083566
1111.0	53.807104
7029.0	61.419378
6794.0	60.413061
6589.0	59.077349
6208.0	53.685581
5534.0	37.586506
1074.0	42.492130
6831.0	54.357341
6679.0	53.359700
6174.0	48.024404
6325.0	47.623276
5584.0	36.131462
1142.0	41.127110
6188.0	46.811976
6438.0	46.753625
6458.0	50.288068
6500.0	50.478766
6897.0	38.353203
1230.0	43.456002
6490.0	52.740891
7618.0	51.689832
7203.0	52.991710
7706.0	53.722487
7474.0	39.561239
1270.0	44.051149
8598.0	56.192021
8855.0	58.129675
8980.0	55.609317
8296.0	53.694211
7873.0	37.528301
868.0	40.329873
7551.0	49.204579
6588.0	41.388852
7651.0	50.913407
4978.0	39.152332
4120.0	36.216241
744.0	40.446580
3938.0	40.783220
3816.0	44.365334
3822.0	43.885216
3643.0	44.209180
3634.0	40.947344
687.0	45.591738
3435.0	46.837029
3620.0	48.019855
3625.0	51.022849
3621.0	51.409691
3459.0	46.814886
676.0	51.140705
3317.0	51.926314
3161.0	52.050498
3064.0	52.066552
2810.0	53.184159
2865.0	49.012138
648.0	52.712229
2682.0	53.762818
2737.0	55.209717
2553.0	55.395633
2651.0	56.455455
2260.0	57.167082
997.0	61.382577
2183.0	63.117180
2372.0	63.342915
2582.0	67.056508
1966.0	68.979187
1797.0	70.845884
1673.0	75.014125
2528.0	76.650539
2083.0	76.069241
1611.0	77.147425
1653.0	77.407815
1591.0	77.495645
1227.0	79.510439
2061.0	80.944169
1177.0	78.364683
1494.0	78.224569
1323.0	78.358638
1506.0	77.304928
998.0	79.657953
2199.0	80.031822
1250.0	78.185429
1743.0	77.836038
1581.0	77.739003
1810.0	77.325653
867.0	79.537752
2491.0	79.155985
1460.0	78.016278
1810.0	77.998855
1909.0	77.307714
1683.0	77.211966
2012.0	81.241423
2194.0	79.626045
2318.0	79.263585
10516.0	81.681166
794.0	75.947464
1520.0	75.242049
551.0	77.401047
1829.0	78.310297
2110.0	78.204136
1474.0	76.082351
1879.0	76.169193
1704.0	76.102896
684.0	78.141468
2493.0	78.454295
1866.0	76.233488
1844.0	77.018784
2204.0	75.555639
2266.0	74.846616
708.0	77.484101
2187.0	75.965653
2500.0	75.790314
2326.0	76.408006
2526.0	74.598199
2745.0	74.366332
685.0	76.739273
2536.0	76.407232
2884.0	76.063328
2836.0	76.012274
2952.0	75.469298
2847.0	74.488594
665.0	77.250079
2859.0	76.676560
2908.0	75.579802
2803.0	73.950641
2759.0	72.643869
3003.0	70.930161
1209.0	77.087916
3650.0	76.671346
3320.0	72.519531
3291.0	72.450262
3342.0	72.367726
3205.0	69.396190
490.0	71.711572
3449.0	71.492632
3612.0	71.902302
3849.0	70.483573
3692.0	69.572694
3462.0	68.623438
567.0	70.826852
3285.0	70.076052
3403.0	70.342627
3580.0	70.653769
3548.0	71.216130
3385.0	68.467840
482.0	70.925480
3472.0	70.694374
3411.0	70.532666
3645.0	70.024022
3398.0	72.380189
3610.0	69.547958
537.0	71.975243
3567.0	72.731812
