8077.0	84.750398
2808.0	81.506731
3342.0	82.577634
894.0	86.061735
3465.0	86.796766
3594.0	86.742972
3149.0	86.295780
3205.0	87.862805
2899.0	87.360414
866.0	89.555180
2846.0	88.754001
2462.0	88.085728
2201.0	87.154074
2093.0	88.253571
2290.0	88.119778
1829.0	91.726922
2850.0	91.620754
2596.0	92.069203
2513.0	92.495052
2713.0	92.481870
2644.0	92.241403
3222.0	93.324757
3624.0	93.500798
3452.0	93.584860
3372.0	94.296860
3402.0	94.187012
3152.0	93.211478
1989.0	95.302139
3604.0	95.153097
3441.0	94.746986
3145.0	94.955639
3363.0	94.260561
3111.0	94.235110
2304.0	96.096568
3743.0	95.790861
3225.0	95.372745
3868.0	95.530295
3570.0	95.241046
3934.0	95.352823
2257.0	96.273818
3587.0	95.750466
4110.0	95.760067
4469.0	95.494538
4152.0	95.645253
3744.0	94.955100
5570.0	95.824718
5539.0	95.301938
4910.0	95.240843
5592.0	95.743500
4997.0	95.133071
5089.0	94.704049
3977.0	96.119035
5958.0	95.045697
5656.0	94.914366
5799.0	95.119009
6572.0	95.381992
5828.0	95.042919
3874.0	96.272022
7446.0	96.587909
7572.0	96.422312
17444.0	96.915624
4740.0	95.972087
4327.0	94.816080
1956.0	95.930950
5195.0	96.867532
2945.0	96.734231
2752.0	94.629748
4277.0	94.706966
4579.0	94.858950
1042.0	95.201261
3251.0	95.624175
4498.0	95.208643
3294.0	95.485268
3038.0	95.522154
4605.0	95.287925
654.0	95.325871
3253.0	95.631869
4279.0	95.831841
5920.0	95.760732
4515.0	95.701876
4905.0	95.492243
599.0	95.428807
4093.0	95.678222
5300.0	95.680553
3621.0	95.563097
5385.0	95.600491
4400.0	95.585765
2383.0	95.635433
6308.0	95.871469
5298.0	96.012205
5440.0	95.547482
4449.0	95.550414
5463.0	95.237243
2155.0	95.474049
5512.0	95.829302
6258.0	95.915383
11563.0	95.427151
6767.0	95.469967
6680.0	94.916310
2716.0	95.191354
7186.0	95.553636
6403.0	95.755181
7000.0	95.451593
6603.0	95.499510
7161.0	94.795004
2655.0	95.209041
8347.0	95.633932
7724.0	95.435679
7380.0	95.973621
8380.0	96.464142
7051.0	95.433328
2494.0	95.656664
9613.0	96.149991
7880.0	96.461737
9611.0	96.556930
9167.0	96.445566
8098.0	95.730975
1019.0	95.839822
9800.0	96.863773
6948.0	96.935514
28354.0	97.387602
6618.0	96.631899
7534.0	95.536861
1428.0	95.882527
6276.0	97.069971
8607.0	96.966967
7375.0	97.129013
7882.0	97.061607
7070.0	95.850055
2279.0	96.265513
8125.0	97.316319
8483.0	97.077668
10016.0	96.860022
6894.0	97.068676
8394.0	95.786231
2884.0	96.200916
7937.0	97.193921
8328.0	97.163775
8058.0	97.118447
8671.0	97.299307
7310.0	96.098072
2074.0	96.370361
10448.0	97.446812
7816.0	97.360265
7216.0	97.437319
8895.0	97.306751
6646.0	95.988635
3201.0	96.385182
7487.0	97.689778
7529.0	97.835697
14294.0	97.171871
9869.0	97.460495
10857.0	95.666954
2974.0	96.011264
10470.0	97.544352
10021.0	97.698803
7465.0	97.204926
7078.0	97.133857
7480.0	95.223709
5345.0	95.560459
7279.0	97.351411
7448.0	97.466309
7397.0	97.549682
7154.0	97.336105
7169.0	95.630893
1298.0	95.703972
7087.0	97.666131
7264.0	97.747133
8289.0	97.697931
6903.0	97.373698
6705.0	95.152001
1067.0	95.419881
6792.0	97.489038
6229.0	97.091319
5591.0	97.260537
6223.0	97.032251
5907.0	95.211836
2041.0	95.664825
5898.0	97.238299
5508.0	97.111601
22400.0	97.754045
3756.0	96.489427
3586.0	95.351270
1840.0	95.777074
5107.0	96.657261
4460.0	96.806534
5333.0	96.593283
5193.0	96.708887
4730.0	95.611865
4714.0	95.933909
6135.0	96.587862
5340.0	96.673227
5988.0	96.889207
5328.0	95.839290
5910.0	94.340059
4826.0	95.485356
6020.0	96.203780
5993.0	95.605180
5254.0	95.107082
5653.0	94.881231
4834.0	92.722457
4282.0	94.186856
5357.0	94.787979
4632.0	93.797976
4865.0	93.410771
3914.0	94.221060
4083.0	94.105776
4309.0	95.005275
5338.0	95.717922
4429.0	95.524115
4234.0	94.807400
5086.0	95.147728
3290.0	94.706297
1561.0	95.153995
4993.0	94.980079
2910.0	95.221195
3708.0	95.231431
4408.0	94.935451
2328.0	94.936990
589.0	95.017012
3951.0	95.529880
3642.0	95.099379
4463.0	95.069889
3914.0	95.221419
3651.0	95.130058
705.0	95.206150
4655.0	95.516662
2503.0	95.420807
2282.0	95.546330
3858.0	95.281941
2888.0	94.903543
2403.0	95.311432
2723.0	95.722532
3224.0	95.280270
1522.0	95.322734
3255.0	95.548719
2727.0	95.453408
1561.0	95.606963
2740.0	95.692821
2224.0	95.761353
19637.0	95.781930
3386.0	95.236686
3512.0	94.853643
575.0	94.889053
4062.0	95.592500
4742.0	95.319307
4808.0	95.140692
4602.0	95.318250
4623.0	95.052887
2004.0	95.324988
4555.0	95.483208
4343.0	95.661405
5489.0	95.615767
4997.0	95.517716
4236.0	94.740978
1963.0	94.956402
4760.0	95.447960
5000.0	95.194448
6404.0	95.135010
5653.0	95.041966
5054.0	94.609009
2095.0	94.853036
5219.0	95.348621
5894.0	95.552503
5939.0	95.456745
5393.0	95.624774
6060.0	94.872571
2316.0	95.182264
5916.0	95.613246
6856.0	95.758610
6378.0	96.060688
7027.0	95.916641
6207.0	95.406856
2022.0	95.644068
6624.0	96.047108
5832.0	96.062055
11549.0	95.649768
5959.0	95.845867
6686.0	95.601420
587.0	95.618606
5823.0	96.560252
6437.0	96.339548
6472.0	96.014349
6663.0	96.036346
6498.0	95.043312
2208.0	95.151703
6164.0	95.768757
6619.0	95.581871
6795.0	95.678847
6243.0	95.764804
6307.0	95.076044
1938.0	95.305266
6366.0	95.609269
6652.0	95.934597
7434.0	95.685402
8742.0	95.966425
10574.0	91.894737
4765.0	93.316481
14194.0	90.349196
13776.0	87.838603
45560.0	95.881217
12786.0	90.539623
14279.0	89.118219
1059.0	89.445450
13185.0	92.340933
13160.0	93.751293
11505.0	93.831286
11444.0	94.778126
12078.0	90.490160
2088.0	91.232270
12114.0	96.907911
10417.0	96.072838
9902.0	92.961141
4693.0	87.991091
4041.0	73.511378
481.0	74.359271
3916.0	77.860748
5759.0	82.019295
6616.0	83.533698
9228.0	87.523234
9961.0	86.122835
1844.0	86.989484
19504.0	94.433369
16507.0	94.124377
15070.0	93.730055
13045.0	92.203727
10858.0	84.655293
1470.0	85.710128
13439.0	90.377029
11668.0	88.883766
8848.0	82.689420
6203.0	78.038026
6633.0	73.257723
1375.0	75.498872
10282.0	84.288864
12427.0	86.171109
14110.0	89.040344
16108.0	90.677882
16089.0	86.429983
2288.0	87.391450
16792.0	92.601193
13837.0	92.180521
9635.0	85.921440
7539.0	80.808394
6279.0	71.462755
1107.0	74.133760
7798.0	81.454815
11284.0	87.501074
13994.0	91.135097
14566.0	92.080827
14070.0	88.373526
2410.0	89.172284
19472.0	95.767462
15126.0	94.377586
12357.0	92.618229
9368.0	89.504127
7295.0	80.806003
1163.0	82.428819
8760.0	89.049594
9128.0	91.016587
15468.0	95.719919
8998.0	94.816093
8235.0	91.909321
2575.0	93.290207
10998.0	96.705579
12051.0	96.855004
11912.0	96.255216
10732.0	95.142396
11197.0	89.696235
2059.0	91.175527
10313.0	94.669873
10857.0	93.736195
10426.0	93.632141
10117.0	91.541644
9480.0	85.880899
1606.0	87.241480
9500.0	91.263105
8624.0	90.830663
8402.0	90.374235
8675.0	91.551086
9595.0	87.615753
1999.0	88.979083
9993.0	94.268047
10278.0	93.770228
11007.0	94.449517
10783.0	93.555683
10492.0	87.247309
1894.0	88.462711
11146.0	92.027997
11290.0	92.013095
12240.0	91.246293
11613.0	91.170792
11134.0	86.099297
2327.0	87.805374
12450.0	92.051186
10696.0	90.949655
9917.0	90.256220
9495.0	89.496338
8845.0	85.267205
1816.0	87.012945
9810.0	90.321203
9763.0	91.001204
10032.0	90.524603
10780.0	92.072347
11238.0	87.145975
2515.0	88.799932
12915.0	93.078417
12590.0	91.909788
12067.0	91.972981
11366.0	91.376793
11595.0	87.742192
2191.0	89.358731
11868.0	90.563595
10664.0	89.528559
11170.0	90.294318
10854.0	89.747955
9970.0	84.489849
1806.0	86.219546
11499.0	90.509954
10258.0	90.627947
26545.0	98.370300
8725.0	91.250762
8853.0	84.142957
1422.0	85.739508
8314.0	90.124898
8126.0	87.416260
7806.0	88.164374
7631.0	88.544910
9343.0	83.966191
2849.0	86.762092
9603.0	90.176971
9635.0	89.612477
9631.0	88.054715
10122.0	86.515470
11835.0	80.135143
2552.0	83.188445
13296.0	89.020816
12179.0	85.595446
12988.0	85.311364
12818.0	85.765224
13263.0	78.354078
2220.0	81.013602
14280.0	88.153727
12470.0	84.801547
13539.0	84.793073
13853.0	84.098236
14254.0	75.739327
2557.0	79.070448
16410.0	87.369628
15449.0	85.800854
15019.0	84.819066
13620.0	80.677178
12595.0	66.496936
2237.0	70.361785
15995.0	83.266198
15152.0	82.333749
13809.0	75.832932
12522.0	73.744729
11224.0	62.621362
2237.0	67.140746
14935.0	79.338196
14644.0	76.451410
11322.0	71.990932
10657.0	69.921030
10418.0	54.276415
2166.0	60.236217
12991.0	79.384889
13522.0	72.940043
11381.0	71.405704
10959.0	68.127928
8964.0	47.725770
1738.0	53.170385
14739.0	76.523382
14650.0	77.665642
13853.0	72.170041
10225.0	62.214306
9184.0	42.155359
2125.0	48.749369
13993.0	70.309062
12967.0	64.962726
15544.0	76.106701
6403.0	48.967638
4804.0	42.166462
1335.0	49.102552
6316.0	56.238554
7382.0	65.779528
8441.0	70.444420
8537.0	72.314248
8156.0	68.758621
2431.0	74.433959
9262.0	77.771628
9646.0	78.504471
9265.0	79.251215
9517.0	79.333126
9145.0	76.288380
1960.0	79.739277
8869.0	79.536278
7959.0	78.978479
7791.0	79.123975
7156.0	79.599028
7272.0	75.842123
3423.0	81.614217
7590.0	82.029520
7017.0	81.395965
6153.0	80.494202
6478.0	80.211944
5782.0	79.996498
3014.0	83.820912
6057.0	84.768958
6259.0	84.888637
5383.0	85.796182
4674.0	85.963369
3944.0	86.859966
1557.0	88.005273
5111.0	88.135760
4762.0	88.371224
4010.0	89.146759
3130.0	88.634401
3331.0	87.419555
3358.0	89.852314
3265.0	89.524268
3755.0	89.201385
3689.0	89.045956
3537.0	89.245046
2971.0	87.209061
1810.0	88.937674
3913.0	89.022532
3751.0	89.173102
3502.0	87.845660
3049.0	87.739407
3619.0	87.228333
2219.0	89.237703
4279.0	88.573441
3821.0	88.431536
4334.0	88.380360
3654.0	87.186980
3566.0	87.638959
2288.0	89.496697
4051.0	88.638616
4213.0	88.049004
15920.0	90.003920
2170.0	85.842635
3115.0	84.946002
995.0	86.641577
3582.0	87.797914
3952.0	87.705322
3917.0	88.003154
4315.0	87.647086
3850.0	86.901227
1308.0	88.200941
4276.0	87.940702
4366.0	87.677270
3914.0	87.832297
3872.0	86.951295
4048.0	85.098135
1698.0	87.384932
4605.0	87.850844
4263.0	86.139752
4180.0	86.656970
4567.0	86.532258
4782.0	85.669007
890.0	87.127246
4711.0	87.543901
4843.0	86.597538
4925.0	86.352058
4813.0	85.773863
4707.0	84.475439
1101.0	86.360200
5021.0	86.095663
5036.0	85.780894
5455.0	86.040822
5239.0	85.927918
5729.0	83.909076
819.0	85.724730
5882.0	86.272376
6048.0	85.722370
5786.0	85.235592
5872.0	85.396180
5808.0	82.891945
1696.0	85.592674
6350.0	85.181985
6398.0	85.144935
6849.0	83.685868
6586.0	83.646333
5707.0	79.808589
1445.0	83.125242
5856.0	83.250800
5686.0	82.349245
5928.0	81.839422
5656.0	81.894153
5379.0	79.776794
1929.0	84.460906
6447.0	83.896798
6004.0	84.402466
5889.0	82.910168
5648.0	83.555299
6001.0	80.126982
1321.0	83.205061
6714.0	86.173957
