8077.0	84.750398
3248.0	84.391225
3377.0	83.001704
1141.0	86.575905
3620.0	88.075625
3699.0	87.521757
3380.0	87.590886
3274.0	88.543085
2916.0	87.474597
1132.0	89.836948
2965.0	89.121072
2785.0	89.299215
2477.0	88.778214
2259.0	89.418514
2359.0	89.221282
1640.0	91.714740
2886.0	91.481890
2929.0	92.801692
2744.0	92.652319
2627.0	92.517977
2408.0	91.997288
4401.0	93.828509
3364.0	94.077147
3380.0	93.732172
3377.0	94.123559
3333.0	93.935092
3299.0	93.595771
1805.0	95.320442
3569.0	95.339034
3443.0	94.536964
3136.0	94.857899
3379.0	94.409345
3645.0	94.720437
1953.0	96.091740
3686.0	95.713040
3422.0	95.537123
3773.0	95.327700
3793.0	95.658739
4035.0	95.346941
3299.0	96.144356
4277.0	95.770132
4179.0	95.664132
4462.0	95.452336
4008.0	95.154423
5063.0	94.196950
4801.0	95.912752
6405.0	94.776497
5588.0	95.355646
6580.0	95.699710
5848.0	95.440241
6388.0	95.377456
3058.0	96.354692
6300.0	95.682958
6262.0	95.400687
6349.0	95.315099
7146.0	95.619938
6148.0	95.099444
3116.0	96.321719
7216.0	96.435069
7640.0	96.496841
18818.0	97.105542
5593.0	96.674235
4743.0	95.464684
2992.0	96.128990
5306.0	96.653018
3892.0	96.693133
5744.0	95.295685
4796.0	95.419357
4103.0	95.333233
576.0	95.409026
3522.0	95.752291
4740.0	95.561181
3027.0	95.367218
3353.0	95.356907
4493.0	95.286042
597.0	95.292467
3232.0	95.632599
4649.0	95.781733
5884.0	95.516871
4541.0	95.739230
4972.0	95.150164
2925.0	95.484458
4114.0	95.573052
5115.0	95.677651
3570.0	95.736609
5413.0	95.619585
4355.0	95.545212
2616.0	95.695328
6122.0	95.736697
5252.0	96.083472
6602.0	95.872866
5382.0	95.929001
6448.0	95.493328
2764.0	95.863475
5183.0	95.819232
6256.0	95.725902
10727.0	95.159844
7596.0	95.516006
6573.0	94.855229
2704.0	95.288912
8592.0	95.810596
7510.0	95.579761
6845.0	95.647343
6577.0	95.555165
7147.0	94.859387
2808.0	95.226966
8112.0	95.680413
9102.0	95.692808
7355.0	96.055349
8129.0	96.435862
6991.0	95.515858
2466.0	95.731566
9597.0	96.164469
8058.0	96.526186
10425.0	96.705739
9896.0	96.291037
8852.0	95.795365
2877.0	96.037908
9402.0	96.892691
7575.0	96.976965
28354.0	97.387602
6618.0	96.631899
8385.0	95.833925
775.0	95.909491
6653.0	97.027478
8497.0	96.964519
7418.0	97.179386
7888.0	96.985451
7921.0	95.924144
943.0	96.096798
8127.0	97.241760
8476.0	97.070895
11251.0	97.190461
7829.0	97.272877
9392.0	96.066423
1129.0	96.115779
7807.0	97.162636
8203.0	97.263825
8119.0	97.093207
8546.0	97.411665
7908.0	96.341425
943.0	96.436782
10350.0	97.466162
7879.0	97.394359
7825.0	97.536070
10311.0	97.654826
7720.0	96.296090
1120.0	96.337253
7483.0	97.488956
7539.0	97.743672
14427.0	96.986162
9977.0	97.482917
10803.0	95.659329
2962.0	95.990162
11594.0	97.678619
8480.0	97.685118
9688.0	97.465042
11037.0	97.727430
7187.0	95.364365
4667.0	95.618975
11173.0	97.670314
11447.0	97.600272
7144.0	97.512844
7106.0	97.295914
7277.0	95.631173
4771.0	95.912722
11547.0	97.872844
6834.0	97.782421
9344.0	97.579937
7630.0	97.373563
6710.0	95.232307
1483.0	95.499948
6789.0	97.657935
7091.0	97.429831
6250.0	97.359462
6904.0	96.987833
7064.0	95.348720
1360.0	95.525425
6204.0	97.266763
5775.0	97.319796
24760.0	97.897213
4399.0	96.715414
4373.0	95.639459
1227.0	95.901448
4885.0	96.628484
4869.0	96.788046
5261.0	96.660589
5169.0	96.294435
5501.0	95.555259
4377.0	95.874078
6294.0	96.788366
5311.0	96.532261
5793.0	96.853693
5662.0	95.673861
6988.0	95.357459
3881.0	95.798988
5628.0	95.918804
6263.0	95.924120
5408.0	94.764041
5336.0	94.198087
5178.0	93.118052
4096.0	94.515290
6622.0	94.430881
5128.0	94.313192
4794.0	93.691824
5578.0	94.990637
5267.0	94.777355
2921.0	95.210317
5120.0	95.351307
4113.0	95.458054
5846.0	94.994158
4114.0	95.370435
3364.0	94.766235
1756.0	95.168044
4908.0	95.036550
2874.0	95.345503
3635.0	95.136212
4308.0	95.021762
2401.0	94.773212
589.0	94.824528
4479.0	95.304359
3884.0	95.374478
4484.0	95.116115
3904.0	95.151545
3725.0	94.990883
602.0	95.136855
4604.0	95.279344
2468.0	95.057329
2672.0	95.699109
4070.0	95.176668
2643.0	94.819710
2249.0	94.996087
2698.0	95.552066
3256.0	95.369323
2369.0	95.466336
3244.0	95.597434
2679.0	95.723198
1139.0	95.780837
2689.0	95.813841
2793.0	95.809383
21801.0	95.833106
3184.0	94.973293
3892.0	95.058388
1562.0	95.240876
3871.0	95.336934
4433.0	95.184639
5011.0	95.196523
4829.0	95.306179
4537.0	95.043794
1757.0	95.309040
5263.0	95.710425
5107.0	96.085925
5360.0	95.736894
4995.0	95.566813
4115.0	94.901404
1686.0	95.117646
4680.0	95.395504
5940.0	95.432630
6306.0	95.163181
5579.0	95.260141
4909.0	94.767839
1874.0	95.019407
6207.0	95.761362
6791.0	95.826091
5856.0	95.668284
5370.0	95.688098
5935.0	94.855842
1848.0	95.211494
6945.0	95.784610
6846.0	95.761848
6378.0	95.690392
7009.0	95.831634
6116.0	95.524825
1897.0	95.698854
7820.0	96.297041
5755.0	96.156404
11816.0	95.525904
5933.0	95.912261
6724.0	95.798710
2756.0	95.990356
5820.0	96.564893
6323.0	96.272179
6447.0	95.999374
6582.0	96.050584
6585.0	95.177483
2092.0	95.322106
7218.0	96.037797
6542.0	95.560753
6681.0	95.853109
6179.0	95.724062
6270.0	95.142926
1978.0	95.357640
7452.0	95.765443
6473.0	96.192437
7438.0	95.780617
8716.0	95.877882
10560.0	91.803937
5240.0	93.285061
13442.0	89.645207
14266.0	87.984950
46216.0	95.941328
12696.0	90.465016
12546.0	88.220522
917.0	88.481878
13524.0	92.193473
13173.0	93.281095
11658.0	93.907747
11410.0	94.863919
12639.0	90.675220
2127.0	91.316522
13802.0	97.778840
11621.0	97.138786
10804.0	94.643019
4909.0	88.519163
4401.0	74.745996
833.0	77.005856
5431.0	83.491065
7438.0	87.557046
8815.0	88.064129
11272.0	90.837967
12868.0	88.963587
2226.0	89.571539
19349.0	94.395620
16470.0	94.175920
13230.0	92.836884
11643.0	91.154388
9179.0	82.292552
1967.0	84.355089
12996.0	88.882175
13066.0	89.404941
12755.0	88.821262
10506.0	87.867579
9813.0	81.620635
1989.0	83.599492
16261.0	91.943597
16588.0	91.583539
14710.0	91.365719
12812.0	89.661284
11047.0	82.597101
1903.0	84.313010
14946.0	90.657432
13095.0	90.498481
12457.0	89.773678
10579.0	87.288343
7675.0	76.135623
1453.0	78.829086
12845.0	90.194361
14365.0	91.954688
15014.0	92.774600
12966.0	91.323212
12271.0	87.221188
1665.0	88.121695
16249.0	94.098964
14642.0	94.093758
13274.0	92.606964
10694.0	91.187501
9118.0	84.432831
1308.0	85.913719
9659.0	90.610868
10708.0	93.053678
16616.0	96.483043
9088.0	95.060583
8637.0	92.514399
2742.0	93.718289
10157.0	95.613009
11997.0	96.577762
13525.0	97.082811
12597.0	96.833549
11221.0	90.127844
2149.0	91.297414
10387.0	94.476688
10977.0	94.119051
10807.0	94.243664
10034.0	91.785459
9862.0	86.266228
1653.0	87.903587
9793.0	91.880587
9857.0	92.507448
9623.0	92.549401
9151.0	92.332734
9733.0	87.771408
1966.0	89.297742
11332.0	95.285965
11742.0	95.226975
11656.0	95.354379
11547.0	94.575347
11596.0	88.397408
2797.0	90.253598
11979.0	93.453562
11599.0	92.633671
13223.0	92.384428
11732.0	91.431770
11479.0	86.554596
2232.0	88.156214
12827.0	92.177947
11832.0	92.075443
11623.0	91.838774
10890.0	91.346004
10356.0	87.489554
1966.0	88.468262
11517.0	91.677260
9629.0	91.548244
10903.0	91.807718
11067.0	92.335563
11712.0	87.654478
2666.0	89.503493
12734.0	93.005601
13311.0	92.515326
12652.0	92.699214
11864.0	91.880797
11542.0	87.989810
2574.0	89.637773
13290.0	91.810549
11561.0	90.517217
11792.0	90.991233
10982.0	90.154245
10943.0	85.903126
1905.0	87.327804
11199.0	90.881169
10424.0	90.662428
28573.0	99.086243
7743.0	89.260967
8035.0	81.797862
1732.0	83.984365
7632.0	88.370928
9716.0	89.857453
8434.0	89.738928
8418.0	89.856504
8707.0	83.987314
2579.0	86.536615
9278.0	89.783804
9615.0	89.434910
9529.0	88.121784
11415.0	88.662381
11848.0	80.753087
1691.0	82.490672
12481.0	86.948129
11830.0	84.736599
12549.0	84.531417
12517.0	84.588379
13119.0	77.283701
1856.0	79.362663
13147.0	85.295140
15197.0	88.926664
15365.0	88.187074
16062.0	87.835330
15966.0	78.893680
2084.0	80.704760
16487.0	87.753565
14680.0	84.989592
14511.0	83.981763
14854.0	82.806147
14858.0	70.421412
2666.0	74.422902
16508.0	83.693623
14826.0	81.229122
14799.0	78.448729
13602.0	76.942501
13405.0	67.111401
2633.0	71.491921
16113.0	81.505583
14235.0	75.368006
12005.0	74.223908
11820.0	75.081392
11615.0	58.452243
2486.0	63.903888
14851.0	83.802860
13931.0	73.153119
12218.0	73.692415
12254.0	72.921128
10242.0	52.857479
1731.0	57.194815
17414.0	82.299151
15560.0	80.331954
13806.0	71.775623
10192.0	61.575896
8221.0	38.637909
1477.0	43.864359
11808.0	65.443924
13107.0	65.515148
17053.0	79.444279
9656.0	63.466330
7888.0	58.734519
1569.0	63.257407
9666.0	71.407461
8547.0	72.488666
8749.0	73.223546
9076.0	74.991270
9157.0	71.674115
3188.0	77.736890
10732.0	81.587457
10999.0	82.171322
9163.0	79.458278
9536.0	79.219457
9194.0	76.420610
2255.0	80.598586
9489.0	81.383554
8728.0	80.744497
8537.0	80.607453
7720.0	81.193621
8236.0	78.535082
2911.0	82.868138
9085.0	84.981622
7640.0	83.380287
7451.0	83.995483
8020.0	83.619582
7028.0	83.343038
1789.0	85.173805
6457.0	86.641294
6606.0	86.675011
5589.0	86.585754
4694.0	87.101499
4540.0	87.825118
2527.0	89.455678
4495.0	88.607664
4468.0	88.295217
3699.0	89.286253
3931.0	89.317064
3940.0	88.219787
1656.0	89.428598
4529.0	90.627470
3434.0	89.290503
3534.0	88.864701
3459.0	89.418960
3803.0	88.223624
1503.0	89.448070
4963.0	90.005856
3486.0	88.957398
4221.0	88.811848
3631.0	89.263077
4200.0	88.337876
1607.0	89.735243
5208.0	90.135852
3515.0	88.759633
4175.0	88.786022
4138.0	88.601501
3484.0	87.799461
1679.0	89.049489
4567.0	89.022621
4081.0	88.191241
16880.0	90.886604
2483.0	87.118230
3217.0	85.499114
2052.0	88.602807
3334.0	88.318802
3947.0	87.839990
3883.0	88.452039
4232.0	88.228069
3887.0	87.476392
1201.0	88.965617
4237.0	88.139437
4409.0	87.369081
3891.0	88.256337
4698.0	88.180322
4149.0	86.238852
1915.0	88.582470
4419.0	87.908168
4863.0	87.351423
4691.0	87.894054
4737.0	86.808362
4926.0	85.585910
1963.0	88.469845
4907.0	88.333769
4738.0	86.343130
4801.0	86.466751
4833.0	85.821606
4854.0	85.044442
1578.0	87.453823
5223.0	87.231249
5252.0	86.951810
5346.0	86.628953
5288.0	86.090984
5749.0	84.560012
1288.0	86.841957
6673.0	88.104780
6314.0	86.616057
5761.0	85.051352
5811.0	85.060464
5806.0	82.713545
1475.0	85.372556
6627.0	85.832807
6746.0	85.593763
6970.0	84.126609
6705.0	84.125305
6437.0	82.101977
1492.0	84.545052
6231.0	84.357209
6156.0	84.014814
6189.0	82.923673
6017.0	83.125274
5725.0	80.455750
1977.0	85.447449
5992.0	82.509884
5909.0	83.489379
5850.0	82.283170
5581.0	82.824730
6067.0	80.780838
2210.0	85.595209
6659.0	86.225044
