8893.0	87.501438
3376.0	85.117695
4114.0	86.216854
1001.0	88.854621
4334.0	89.950219
4136.0	89.239586
3893.0	89.993343
3495.0	89.521492
3484.0	89.606685
708.0	91.191992
3053.0	89.484954
2860.0	89.554174
2491.0	89.198771
2696.0	90.900662
2992.0	90.813848
3826.0	92.697896
4280.0	92.752579
3355.0	93.092825
4085.0	94.483609
3632.0	93.704292
3657.0	93.727982
1690.0	94.830195
3855.0	94.927317
3823.0	94.502237
4189.0	95.373985
4178.0	95.098257
3609.0	94.403855
2145.0	95.859441
4563.0	96.074453
4420.0	95.694928
3826.0	95.246273
4145.0	95.143727
3729.0	95.225631
5669.0	96.279872
6029.0	95.678957
5080.0	95.978988
6174.0	95.903200
5385.0	95.804933
6309.0	95.413812
2419.0	96.551623
5275.0	96.013631
7027.0	95.997397
6928.0	96.074369
7270.0	95.790673
5916.0	95.638574
3471.0	96.655829
7536.0	95.811949
6518.0	95.914192
7229.0	96.295935
6631.0	96.035629
6941.0	95.830112
3320.0	96.563866
7119.0	96.063485
7425.0	96.059645
6836.0	96.110977
7386.0	95.799022
6785.0	95.522285
3430.0	96.278516
7424.0	96.279296
8409.0	96.511017
19885.0	97.210942
6740.0	96.733855
6174.0	95.873190
3254.0	96.352217
6728.0	96.638122
5289.0	96.763416
5984.0	95.803844
4940.0	95.410154
4380.0	95.108452
2260.0	95.291332
4114.0	95.832599
5189.0	95.415528
4530.0	95.485456
3740.0	95.870815
5968.0	95.825776
2288.0	95.931725
3594.0	95.896498
5765.0	95.910618
7440.0	95.870058
5699.0	95.979237
6363.0	95.622993
2301.0	96.134075
5913.0	96.206201
6285.0	96.152746
5690.0	96.336809
6586.0	95.854217
5316.0	95.682033
3008.0	96.115123
7844.0	96.318753
6538.0	96.360902
6876.0	96.060527
5551.0	96.132094
7073.0	95.695345
3498.0	95.993020
6693.0	96.347266
8030.0	96.517225
12358.0	95.284109
9078.0	95.639107
7883.0	95.306364
3597.0	95.679073
10951.0	96.221473
9352.0	96.230745
10385.0	96.326876
9332.0	96.345800
8101.0	95.358386
4040.0	95.803832
9895.0	96.338116
11461.0	96.196702
8300.0	96.069562
9626.0	96.631069
8119.0	95.804118
3650.0	96.199018
10961.0	96.259126
8862.0	96.749270
12003.0	96.838223
11185.0	96.660841
8594.0	95.693711
2721.0	95.969825
10843.0	97.111398
8487.0	97.061371
32767.0	97.611153
7333.0	96.818559
8387.0	95.979620
2671.0	96.285010
7622.0	97.170529
9183.0	97.021842
7877.0	97.091395
8483.0	97.104097
8331.0	96.013335
2893.0	96.320848
8521.0	97.207941
9138.0	97.148247
11931.0	97.155132
7912.0	97.306612
9719.0	96.094932
3398.0	96.239643
9815.0	97.438903
8653.0	97.325895
8504.0	97.258343
9232.0	97.321246
8435.0	96.279949
2699.0	96.404848
10999.0	97.443345
8285.0	97.415033
8461.0	97.544293
11076.0	97.612715
8229.0	96.384737
2623.0	96.480149
9212.0	97.781180
7922.0	97.887751
15722.0	97.578321
10922.0	97.708412
12249.0	96.028493
1348.0	96.189469
12903.0	97.706476
11371.0	98.044827
13410.0	97.830390
12165.0	97.964914
13704.0	96.043984
1653.0	96.057984
12661.0	98.145662
11506.0	97.858723
11863.0	97.935385
12010.0	97.891428
10539.0	95.957032
4182.0	96.287718
13096.0	98.298945
10702.0	98.127573
10689.0	97.630636
10269.0	97.669369
10523.0	95.677741
5054.0	96.047499
10248.0	97.952843
10813.0	97.297429
7452.0	97.552225
10980.0	97.456566
11457.0	95.849202
3194.0	96.140391
9312.0	97.605492
6982.0	97.512727
34762.0	98.121441
4987.0	96.964483
5173.0	95.934588
3531.0	96.184155
6508.0	97.235808
6054.0	97.079161
7266.0	97.056775
7575.0	97.096683
6213.0	96.167780
2141.0	96.404406
8622.0	97.253513
6440.0	97.076554
6664.0	97.228220
6256.0	96.533722
7445.0	95.633403
3869.0	96.093429
7313.0	96.534993
7921.0	95.928723
6832.0	95.732831
7307.0	95.346404
6444.0	94.051867
3029.0	95.124667
6792.0	95.068167
5763.0	94.655319
6177.0	94.555453
5414.0	94.959500
5512.0	94.709516
2889.0	95.366416
5951.0	95.914272
4764.0	95.869870
5879.0	95.478923
4609.0	95.853308
3659.0	95.243808
1064.0	95.331554
5516.0	95.491221
3171.0	95.318439
3868.0	95.264942
4594.0	95.083419
2486.0	95.091610
2368.0	95.270141
4290.0	95.529438
3750.0	95.335180
4791.0	95.275818
4113.0	95.407297
3987.0	95.254153
1861.0	95.404358
5004.0	95.592175
2691.0	95.513786
3662.0	96.152505
3975.0	95.365193
3472.0	95.343962
2636.0	95.709448
3320.0	96.018296
3769.0	95.716889
1722.0	95.716536
3882.0	95.672677
3212.0	95.626393
1853.0	96.035559
3590.0	96.008052
3506.0	95.957381
21801.0	95.833106
3463.0	95.087678
3729.0	95.102394
1562.0	95.295018
4595.0	95.535052
5220.0	95.544442
5172.0	95.626110
4996.0	95.497134
4702.0	94.948790
3369.0	95.607600
5420.0	95.819262
5019.0	95.892044
6248.0	95.810084
5595.0	95.845939
4829.0	95.084810
2262.0	95.603857
5856.0	95.889928
6109.0	95.634570
7276.0	95.506144
6517.0	95.544925
5823.0	94.972127
2730.0	95.408734
7883.0	96.067249
6612.0	95.850588
6726.0	95.618535
6177.0	95.871344
6832.0	95.092572
2836.0	95.507440
6594.0	95.914302
7812.0	95.959233
7176.0	96.260036
7838.0	95.945744
6919.0	95.585907
2592.0	95.913106
7663.0	96.364717
6648.0	96.641517
11889.0	95.621616
7035.0	96.000976
7413.0	95.770801
2587.0	96.110978
6784.0	96.509268
7374.0	96.785141
7370.0	96.316142
7704.0	96.483446
7507.0	95.407733
2439.0	95.744870
7045.0	96.063519
7465.0	95.827660
7511.0	96.023467
7080.0	95.750614
6945.0	95.151861
2315.0	95.723793
9171.0	96.186076
7290.0	95.968801
8409.0	95.827773
9733.0	96.103175
11631.0	92.032246
5252.0	93.414346
13261.0	89.518943
14199.0	87.726343
48670.0	95.988138
13794.0	90.951986
15076.0	89.340953
2027.0	89.915692
16010.0	93.564684
14690.0	94.098387
14488.0	94.976602
14597.0	96.548034
13910.0	91.564309
2830.0	92.348270
17643.0	99.543263
14382.0	98.979999
12334.0	96.197398
6410.0	92.618091
6127.0	81.253589
722.0	81.926998
7930.0	89.834180
10734.0	92.756738
13132.0	94.338747
15742.0	95.307618
16999.0	91.947140
3006.0	92.577774
18739.0	95.396574
16092.0	94.541491
13935.0	93.479603
13238.0	92.475397
11209.0	85.192289
1822.0	86.565321
14791.0	91.191348
13668.0	90.903873
14524.0	90.802012
13539.0	91.070785
14344.0	86.565751
2075.0	87.110275
20609.0	94.685133
17081.0	93.735766
16478.0	93.442629
14860.0	92.257368
10202.0	82.265176
1721.0	83.972811
15167.0	90.862354
14276.0	91.433341
15132.0	92.138868
14487.0	92.135553
13373.0	86.207934
1477.0	87.179787
15514.0	93.304179
16016.0	94.171605
14910.0	93.338827
14009.0	93.016164
12298.0	88.215876
1799.0	89.325680
15724.0	94.002841
18776.0	96.285287
18005.0	95.965182
15138.0	95.154086
13781.0	89.989961
1693.0	90.757236
13833.0	94.449384
10990.0	93.713084
19180.0	97.297370
9892.0	95.459669
9319.0	92.660290
2575.0	93.880182
13491.0	97.696265
14319.0	98.148602
15522.0	98.594879
12985.0	97.090989
12275.0	90.925570
2001.0	91.792091
11312.0	95.995514
12450.0	95.248520
11208.0	94.666545
11532.0	93.758863
11228.0	88.145866
2779.0	90.241832
12425.0	95.120834
11444.0	94.667331
10647.0	94.061604
10740.0	94.653077
10856.0	89.212802
2370.0	90.657089
12554.0	96.513782
11261.0	95.110427
12101.0	95.816988
11966.0	94.912099
12198.0	89.031880
2890.0	90.596726
16207.0	96.202515
14508.0	95.424432
15865.0	94.844888
13879.0	93.932561
13286.0	89.002726
2743.0	90.272955
15179.0	94.708700
13760.0	94.424626
12286.0	93.444101
11996.0	92.799893
11233.0	88.850193
3069.0	90.391140
12142.0	93.132357
12770.0	94.658634
11820.0	93.240218
11309.0	93.392322
11310.0	87.524362
2794.0	89.541586
12442.0	92.762770
13658.0	92.821060
12288.0	92.322441
12368.0	92.503856
12246.0	89.045587
2512.0	90.415829
15378.0	93.313657
13966.0	93.214383
14094.0	93.139831
13171.0	92.828791
11975.0	87.392755
3089.0	89.280669
12913.0	92.887906
12280.0	92.929518
31061.0	100.000000
10496.0	93.681080
9189.0	85.126274
2031.0	87.162423
9246.0	91.856253
10177.0	91.083174
9319.0	91.256749
10018.0	92.266309
10965.0	86.704065
2784.0	88.722874
12105.0	93.316040
10846.0	91.585712
11389.0	90.993519
12270.0	90.384080
14163.0	83.973801
2312.0	85.654259
14574.0	90.733799
14821.0	89.271094
15546.0	89.432401
14934.0	89.125312
15034.0	81.085925
2345.0	83.097064
16423.0	90.233697
14721.0	88.875965
16458.0	90.049928
15984.0	87.893145
16238.0	78.879797
2647.0	81.683225
18182.0	89.920688
18178.0	90.179130
17143.0	88.145711
16776.0	86.668794
16359.0	73.092565
2575.0	76.292536
19215.0	88.082613
18154.0	86.308936
18913.0	85.540354
17158.0	84.347881
16984.0	74.185148
2618.0	76.808131
19758.0	87.347778
18489.0	82.968467
14055.0	80.214170
12379.0	77.044651
12711.0	62.975946
2143.0	66.800484
16064.0	86.263139
17169.0	81.616501
13980.0	78.893082
13926.0	78.194808
12489.0	58.997147
1654.0	62.416674
20561.0	87.147232
17966.0	85.906975
15930.0	76.891006
11141.0	65.729369
9617.0	44.104695
1540.0	48.184353
15701.0	74.992972
17443.0	74.489123
18966.0	82.916756
11574.0	69.502927
9159.0	63.440185
1592.0	66.824143
11583.0	76.491293
9524.0	75.176034
10188.0	77.036009
9340.0	75.613594
10546.0	74.951101
2522.0	79.320943
11392.0	83.351364
11797.0	83.592517
10799.0	82.997029
10981.0	83.088251
10646.0	80.067385
2005.0	82.463442
10564.0	83.335990
10023.0	83.745049
9859.0	84.056092
8958.0	84.271957
8812.0	80.171110
3768.0	84.789657
9256.0	85.594954
8417.0	84.864386
7964.0	84.913023
8437.0	84.432926
7359.0	84.612917
3627.0	87.785296
7349.0	88.519189
7197.0	87.773407
6560.0	88.254580
5769.0	88.625393
5279.0	89.332984
2106.0	90.397463
6725.0	91.104794
6176.0	91.149129
5227.0	91.576742
4228.0	90.786803
5156.0	90.346722
2102.0	91.182243
4449.0	91.433596
4940.0	91.294212
4896.0	91.076273
4683.0	91.319802
4043.0	89.820963
2993.0	91.451263
4977.0	90.927184
4982.0	91.222436
4668.0	90.316259
4111.0	90.541071
4715.0	89.918989
2214.0	91.183657
5434.0	90.906584
4595.0	90.668189
4818.0	90.094367
4899.0	90.065493
4716.0	89.742646
2213.0	90.854794
5378.0	90.581862
5518.0	90.265120
18532.0	91.922286
2881.0	88.444542
3950.0	87.775411
1635.0	89.577990
4657.0	90.779766
5162.0	90.245657
5013.0	90.659535
5383.0	90.486989
4682.0	89.409801
1639.0	90.705632
5486.0	90.798572
5466.0	90.046932
4899.0	90.485267
5026.0	89.175424
5071.0	88.116613
2113.0	90.126530
5333.0	90.035359
5381.0	89.161723
5177.0	89.639515
5775.0	88.963727
5821.0	88.134766
1206.0	89.069267
5867.0	89.893372
6005.0	89.358854
6125.0	89.233791
5573.0	88.591339
5579.0	87.312428
1733.0	89.464162
6288.0	89.659922
6243.0	89.186485
6269.0	88.644288
5823.0	87.928682
6460.0	86.013453
1573.0	88.131166
6899.0	88.796973
7012.0	88.101739
6504.0	87.451962
6920.0	87.963369
6873.0	85.441184
2127.0	88.395697
7668.0	88.115402
7581.0	87.804869
7716.0	85.843193
7409.0	85.638453
7047.0	83.232476
1957.0	86.485454
7339.0	86.845569
6831.0	85.399835
7025.0	85.673651
6835.0	85.723312
6606.0	83.271423
2103.0	86.801372
7209.0	85.914580
6646.0	85.735661
6822.0	85.074056
6580.0	86.266135
7100.0	83.757771
2601.0	87.499750
7537.0	88.393911
