8077.0	84.750398
2808.0	81.506731
3401.0	82.772191
871.0	86.334084
3462.0	86.920008
3366.0	86.558801
3196.0	86.736255
3001.0	87.377827
2782.0	87.080931
723.0	89.016607
2758.0	88.478261
2353.0	87.853545
2163.0	87.594745
2041.0	88.610030
2126.0	87.456984
1429.0	91.225353
2963.0	91.476273
2504.0	91.710140
2821.0	92.586257
2451.0	91.827685
2499.0	92.192986
3793.0	93.706183
3331.0	93.497442
3340.0	93.528271
3199.0	93.978701
3210.0	94.241530
2989.0	93.390018
2143.0	95.618210
3658.0	95.165169
3462.0	94.468786
3097.0	94.977639
3364.0	94.258525
3121.0	94.308735
2538.0	96.067877
3785.0	95.459587
3195.0	95.394825
3597.0	95.497873
3605.0	95.558045
3625.0	95.102875
1675.0	96.180341
3429.0	95.620190
4152.0	95.966573
4984.0	96.307920
4006.0	95.412391
3703.0	94.865884
4831.0	96.109402
4315.0	95.345065
4547.0	95.535160
5064.0	95.294100
4851.0	95.338257
5310.0	95.284231
3883.0	95.930980
6024.0	94.947254
6068.0	95.285423
5743.0	94.903455
6012.0	95.591439
6547.0	95.255920
3154.0	96.104758
6587.0	95.893432
7452.0	96.108465
17444.0	96.915624
4560.0	95.729747
4683.0	94.975011
1911.0	96.109425
5420.0	97.078939
4661.0	96.575502
5806.0	95.429823
4203.0	95.247280
3734.0	95.000779
915.0	95.062742
3243.0	95.472815
4394.0	95.327298
3205.0	95.394590
3032.0	95.505720
4533.0	95.271982
627.0	95.237751
3255.0	95.595428
4360.0	95.451212
5841.0	95.610226
4604.0	95.863707
4825.0	95.227781
663.0	95.406550
4159.0	95.586116
5318.0	95.791517
3626.0	95.555516
5438.0	95.445695
4363.0	95.429498
2453.0	95.659887
6355.0	95.744966
4473.0	96.051273
5386.0	95.619260
4473.0	95.739912
5442.0	95.309419
2280.0	95.457368
5511.0	95.812003
5335.0	95.762813
10651.0	95.173345
7586.0	95.466440
6711.0	95.044316
2648.0	95.243658
7234.0	95.517451
6504.0	95.672672
6906.0	95.583386
6632.0	95.662596
7109.0	94.933575
2581.0	95.168838
8246.0	95.644366
7674.0	95.388838
7482.0	95.833957
8174.0	96.393800
7114.0	95.548972
2499.0	95.753246
9547.0	96.009694
8013.0	96.424733
9606.0	96.537795
9145.0	96.447034
8100.0	95.665233
1038.0	95.789839
8881.0	96.897947
6972.0	96.959499
28354.0	97.387602
6618.0	96.631899
7534.0	95.536861
1428.0	95.882527
6276.0	97.069971
7694.0	96.717795
6599.0	96.936776
7202.0	96.679026
7072.0	95.670164
2023.0	96.025709
8289.0	97.174249
7504.0	96.792479
10048.0	96.893665
6940.0	96.892282
8303.0	95.640828
2097.0	95.975374
7962.0	97.154167
8312.0	97.268075
6960.0	96.958863
7590.0	96.953320
6871.0	95.940609
3300.0	96.377461
10353.0	97.567395
7939.0	97.417921
7781.0	97.688573
8869.0	97.367351
6648.0	95.963134
2131.0	96.270103
7576.0	97.591256
7609.0	97.935843
11883.0	96.952196
8371.0	97.209472
7046.0	95.149472
4772.0	95.549745
11041.0	97.491138
6608.0	97.371909
7718.0	97.282320
7264.0	97.211895
7446.0	95.455037
697.0	95.474643
7545.0	97.551945
7509.0	97.487080
7482.0	97.568885
7303.0	97.444398
6381.0	95.645481
1825.0	95.772315
7430.0	97.635786
7132.0	97.893808
8155.0	97.367716
6769.0	97.326424
6824.0	95.306954
1027.0	95.527129
6719.0	97.759878
5930.0	96.812458
5756.0	97.260369
5778.0	96.931115
6050.0	95.211417
1892.0	95.626476
6309.0	97.412141
5398.0	97.240175
22400.0	97.754045
3756.0	96.489427
3439.0	95.335678
1122.0	95.725518
5153.0	96.733559
4240.0	96.495574
5294.0	96.657786
4998.0	96.481433
4649.0	95.494782
4294.0	95.984084
6176.0	96.666675
5203.0	96.517655
5952.0	96.572420
5185.0	95.791785
5733.0	94.312452
4510.0	95.387122
5840.0	96.122413
5954.0	95.618270
5074.0	94.865860
5645.0	94.386227
5005.0	92.358791
4224.0	93.951045
5361.0	94.693113
4715.0	93.745238
4709.0	93.903575
4090.0	94.264154
4060.0	94.063166
4481.0	94.879840
5199.0	95.710699
4291.0	95.170657
4174.0	94.557614
5040.0	95.444988
3497.0	94.650930
1638.0	94.884832
5102.0	95.183012
2862.0	95.206748
3702.0	95.299623
4390.0	95.149337
2290.0	94.622234
751.0	94.924072
4008.0	95.474611
3612.0	94.995079
4533.0	95.388640
3807.0	95.245940
3727.0	95.111848
629.0	95.310046
4640.0	95.208281
2428.0	95.304731
2692.0	95.817318
3709.0	95.101336
2815.0	94.885490
2437.0	95.202194
2300.0	95.529830
3153.0	95.365630
1619.0	95.386368
3359.0	95.548798
2659.0	95.526413
1599.0	95.711694
2775.0	95.682172
2215.0	95.534627
19637.0	95.781930
3386.0	95.236686
3512.0	94.853643
575.0	94.889053
4062.0	95.592500
4742.0	95.319307
4808.0	95.140692
4600.0	95.317351
4633.0	95.026930
2045.0	95.302709
4555.0	95.525728
4356.0	95.676765
5529.0	95.653714
4989.0	95.417520
3886.0	94.645646
2317.0	94.948936
4783.0	95.340022
4932.0	95.194460
6446.0	95.236444
5600.0	95.258608
5112.0	94.718988
2156.0	94.972404
5138.0	95.464068
5923.0	95.489556
5946.0	95.221406
5400.0	95.721205
5973.0	94.840601
2127.0	95.113421
5809.0	95.498636
6906.0	95.683315
6422.0	95.948559
7022.0	95.860061
6169.0	95.287134
1995.0	95.541297
6586.0	96.032101
5870.0	96.087307
11574.0	95.581496
6011.0	95.728033
6590.0	95.663313
614.0	95.687816
5878.0	96.323985
6557.0	96.412429
6449.0	96.004801
6671.0	96.086550
5884.0	95.066760
2730.0	95.457486
6265.0	95.936818
6645.0	95.738795
6748.0	95.758707
6169.0	95.578668
6209.0	94.971362
2099.0	95.317913
6438.0	95.717801
6575.0	96.086181
7359.0	95.864504
8201.0	95.866832
9932.0	91.442568
4896.0	93.044779
14169.0	90.106107
14235.0	88.163349
44170.0	95.462785
11908.0	89.726663
13121.0	88.272775
1209.0	88.715237
13294.0	92.238400
12864.0	93.345029
9390.0	91.892943
9564.0	92.560406
11608.0	89.162107
1739.0	89.980932
12634.0	96.816487
10686.0	96.194294
10683.0	94.337500
4731.0	88.317495
4613.0	76.362087
691.0	77.938737
4901.0	82.234304
7110.0	86.923580
7428.0	86.691436
9124.0	88.080257
10484.0	86.188422
1823.0	86.978120
16869.0	92.924432
15403.0	92.950421
14417.0	92.866556
11440.0	90.794218
10006.0	83.435039
1143.0	84.544277
11916.0	88.775185
10661.0	86.790648
9252.0	83.336319
7577.0	81.288754
8013.0	77.337031
989.0	78.204038
12348.0	86.330464
15779.0	89.588993
16203.0	91.396734
14934.0	90.837374
13237.0	85.373875
1555.0	86.279039
15176.0	90.914939
13458.0	91.232444
12590.0	89.750620
9850.0	86.087621
7112.0	74.625733
672.0	75.884813
10115.0	86.199827
12768.0	90.078169
13418.0	91.466914
13936.0	91.612567
11884.0	86.769040
1544.0	87.985038
15651.0	93.598482
13473.0	93.239800
11958.0	91.863752
9185.0	88.751895
6675.0	79.420133
1135.0	81.457594
8468.0	87.440406
9288.0	90.446666
15985.0	95.930343
8402.0	94.426577
7653.0	91.214990
1461.0	92.134443
10632.0	95.882753
11997.0	96.603277
12610.0	96.915076
11716.0	95.816251
10332.0	88.772146
1601.0	89.912711
11648.0	96.008019
11304.0	94.380903
10883.0	94.343698
10511.0	92.224214
8897.0	85.164000
1566.0	86.545510
9510.0	91.520679
8827.0	90.980668
8423.0	90.441029
8893.0	91.891141
9151.0	86.873146
1981.0	88.697443
10874.0	94.834506
10454.0	94.366259
10596.0	94.107022
10409.0	93.177823
10777.0	87.108834
1622.0	88.353417
12182.0	93.319986
12013.0	92.946376
13124.0	92.140292
12135.0	92.233018
11279.0	86.503009
2060.0	87.843431
11038.0	91.052639
10562.0	90.561105
9240.0	89.262661
8831.0	88.600221
8378.0	84.566200
1284.0	85.968656
8051.0	87.690365
7972.0	88.503809
8213.0	87.479810
9245.0	89.402472
10572.0	85.626011
2279.0	87.276240
12046.0	91.434741
11245.0	90.607556
10560.0	90.148235
9721.0	89.316045
9927.0	85.829962
2285.0	87.672790
11066.0	89.334950
10445.0	89.025703
9924.0	88.422588
10246.0	89.272313
10280.0	84.610967
1738.0	86.170095
11453.0	90.313438
10204.0	89.853328
26545.0	98.370300
9205.0	91.816087
8907.0	84.503441
1378.0	86.005042
8974.0	91.351671
9122.0	89.754669
8158.0	89.576778
8116.0	89.553735
8957.0	84.149327
1872.0	86.124458
9727.0	90.182363
9731.0	89.609122
9564.0	88.385804
10109.0	86.722627
11709.0	80.031221
2545.0	83.282170
13274.0	88.964252
12177.0	85.675137
12462.0	85.144013
12873.0	86.027857
12966.0	77.444320
2600.0	80.486817
14697.0	88.246391
13410.0	86.743954
14310.0	86.505306
14148.0	85.101229
14201.0	75.841994
2346.0	79.172378
15335.0	86.053026
14516.0	84.409727
12687.0	80.768970
13032.0	79.087987
12548.0	66.209627
2288.0	70.029341
16010.0	82.811117
15192.0	81.693690
13534.0	75.813025
12269.0	74.562325
11168.0	62.327538
2318.0	67.306139
14777.0	79.843927
13671.0	73.964994
11351.0	72.061421
9912.0	68.187965
9645.0	52.887661
2031.0	58.350251
13549.0	81.310221
13678.0	72.203771
11241.0	70.507422
11105.0	69.491720
9327.0	48.109386
1686.0	52.852363
15361.0	78.203705
14121.0	76.537235
13721.0	72.144379
9171.0	58.182057
7856.0	36.859503
1502.0	41.935017
10812.0	62.641685
11338.0	59.820124
15424.0	75.951485
8440.0	59.249699
6317.0	51.216655
1393.0	57.157046
8020.0	65.009578
8904.0	72.216688
8404.0	71.732632
8175.0	72.265089
8151.0	68.223620
2544.0	74.481896
9315.0	78.410799
9576.0	78.854765
9349.0	79.692905
9545.0	79.574197
9062.0	76.296334
1939.0	79.732865
8834.0	79.501340
8379.0	79.921941
7655.0	78.566490
7051.0	79.049089
7136.0	75.422128
2127.0	79.692419
7782.0	81.958754
6924.0	81.010097
6328.0	81.045122
6563.0	79.959919
5638.0	79.706925
3503.0	84.270386
5953.0	85.117249
6382.0	85.523216
5027.0	85.730140
4825.0	86.294520
3536.0	86.268749
1929.0	87.882271
3925.0	87.353748
3814.0	86.827845
3368.0	87.648085
3520.0	87.731841
3517.0	86.917580
2444.0	89.021236
3689.0	89.199976
3755.0	88.817266
2890.0	87.792088
2887.0	88.035665
3179.0	87.300412
2004.0	89.175935
4058.0	88.839124
3940.0	89.093441
3580.0	87.662583
3080.0	88.011598
3613.0	87.107091
1001.0	88.071968
4053.0	88.119875
3734.0	87.911948
3610.0	87.562015
3688.0	87.063374
3724.0	87.389058
1839.0	89.094111
4311.0	88.250466
4331.0	87.730207
15920.0	90.003920
2170.0	85.842635
3062.0	84.900915
1076.0	86.712633
3577.0	87.822847
3957.0	87.702154
3916.0	87.854478
3605.0	86.522128
3433.0	85.824137
2322.0	88.826375
4213.0	87.478435
4346.0	87.149721
3291.0	87.268853
4078.0	86.417833
4169.0	85.002131
1612.0	87.257112
4635.0	88.302796
4257.0	86.385691
4142.0	86.573524
4639.0	86.193100
4725.0	85.146458
946.0	86.592003
4465.0	86.984698
4884.0	85.839544
5032.0	86.457030
5022.0	86.366205
4879.0	84.736182
834.0	85.982517
5030.0	86.462245
5023.0	86.432633
5138.0	86.389499
5043.0	85.199720
5306.0	82.792257
1582.0	86.132195
6043.0	86.603676
5601.0	84.823762
5467.0	84.381371
5615.0	84.224079
5837.0	82.707531
1682.0	85.723227
6332.0	85.007662
5839.0	83.525795
6306.0	81.958095
6093.0	82.254888
5740.0	80.151623
1412.0	83.201670
6304.0	84.307879
6114.0	83.315389
5890.0	82.088729
5820.0	82.718402
5486.0	80.741387
1090.0	83.497131
6122.0	82.777564
5541.0	82.747173
5892.0	82.404021
5352.0	82.893945
5887.0	80.384580
1572.0	84.139504
6449.0	85.865329
