8893.0	87.501438
3376.0	85.117695
4380.0	86.877222
1206.0	89.370545
4316.0	89.489142
4433.0	89.448505
4070.0	90.190462
3882.0	89.955025
3503.0	89.668067
885.0	90.876805
3237.0	89.898807
2957.0	89.812164
2620.0	89.996913
2946.0	91.406305
3159.0	91.013623
3586.0	92.220535
4722.0	93.704818
3485.0	93.439017
3784.0	94.020932
3530.0	93.543582
4172.0	94.211533
1420.0	95.066241
3806.0	94.853789
4656.0	95.051762
4396.0	94.953945
4400.0	95.267586
3657.0	94.162880
2097.0	95.827284
4715.0	95.862485
4698.0	96.053017
5402.0	95.422627
5570.0	95.323686
5515.0	95.885582
4353.0	96.416126
6079.0	95.555830
4961.0	95.886449
6774.0	96.204478
5664.0	96.065944
6376.0	95.559388
2383.0	96.506599
5500.0	96.454099
7523.0	96.409927
7304.0	96.251473
8183.0	96.378223
6088.0	95.823018
2947.0	96.661421
7950.0	96.163214
6463.0	96.121702
7411.0	96.355840
6688.0	96.111239
7753.0	95.965987
3794.0	96.693848
7280.0	96.091098
7869.0	96.156732
6860.0	95.899619
8062.0	96.161031
7006.0	95.657723
4088.0	96.304286
8123.0	96.425500
8089.0	96.357358
28646.0	97.503034
7656.0	97.187209
6469.0	96.300377
3240.0	96.585615
7630.0	97.331105
6544.0	96.923757
5728.0	95.692204
4823.0	95.466225
6205.0	95.562172
2246.0	95.879805
4160.0	95.849285
6514.0	95.761098
3745.0	95.787801
3628.0	96.046958
6094.0	95.341277
2290.0	95.868005
4950.0	96.217663
5690.0	95.965211
7595.0	95.911368
5780.0	96.029812
6303.0	95.635842
2327.0	95.885172
5909.0	96.180724
7137.0	95.936871
5493.0	96.300036
6687.0	95.817982
6463.0	95.859880
4283.0	96.018732
7704.0	96.496848
6455.0	96.254516
8270.0	96.060366
6561.0	96.210242
8434.0	95.803633
4105.0	95.943255
8782.0	96.348251
7911.0	96.225585
13349.0	95.358004
8922.0	95.445477
7748.0	95.028503
4369.0	95.526925
10975.0	96.118763
9336.0	96.238380
10391.0	96.288955
9323.0	96.478634
10678.0	95.602355
4670.0	95.796005
9749.0	96.315758
11426.0	96.201043
8405.0	96.115081
9422.0	96.628055
7940.0	95.800995
3803.0	96.266125
10913.0	96.433744
8885.0	96.785425
12036.0	96.645411
11162.0	96.677033
8683.0	95.656093
6039.0	96.317404
10657.0	96.965705
8573.0	97.186980
32767.0	97.611153
7333.0	96.818559
9016.0	95.999393
2103.0	96.110385
7480.0	97.121402
9175.0	97.028416
7931.0	97.211709
8532.0	97.077166
8268.0	96.025658
2849.0	96.351287
10112.0	97.483258
8859.0	97.047722
12128.0	97.297731
8233.0	97.371353
10158.0	96.128921
2704.0	96.289213
9611.0	97.486440
8586.0	97.349650
8411.0	97.269161
9205.0	97.279162
8560.0	96.335934
2698.0	96.521549
11029.0	97.495732
8353.0	97.470552
8389.0	97.668574
10963.0	97.525290
7935.0	96.290195
3086.0	96.401878
9290.0	97.702527
9297.0	98.066860
14889.0	97.219657
10640.0	97.589754
11669.0	95.806428
3750.0	96.242714
12205.0	97.627571
11127.0	97.843533
11571.0	97.773521
11560.0	97.875183
12271.0	95.971450
3571.0	96.189769
12722.0	97.991748
13323.0	98.151307
12868.0	98.182628
12916.0	98.013855
12617.0	96.185502
1626.0	96.249002
13262.0	98.323032
12655.0	98.389854
17146.0	98.084375
12032.0	97.676523
11849.0	95.660955
3453.0	96.046915
12064.0	98.073604
10762.0	97.506332
9528.0	97.804371
10393.0	97.442213
11278.0	95.789733
3015.0	96.065055
11173.0	97.805350
10183.0	97.531943
34762.0	98.121441
4987.0	96.964483
5087.0	95.901776
3497.0	96.176178
6231.0	97.278075
5157.0	97.164537
7458.0	97.063067
7388.0	97.041406
6009.0	95.977573
2830.0	96.362755
8712.0	97.340705
7136.0	97.510370
8517.0	97.524927
7504.0	96.619410
7495.0	95.767720
4144.0	96.217256
7806.0	97.089506
7770.0	96.365030
7765.0	96.929958
7148.0	95.954731
6330.0	93.787157
2696.0	94.512002
6691.0	95.043067
5956.0	95.141713
6749.0	94.694421
5593.0	95.348610
5636.0	94.987186
2515.0	95.422204
6007.0	95.913012
4852.0	95.884652
6587.0	95.395408
4467.0	95.475420
3696.0	94.967483
3438.0	95.319094
5292.0	95.287036
3085.0	95.583494
3936.0	95.392412
4608.0	95.347096
2599.0	94.867805
1711.0	95.140672
4965.0	95.737021
3727.0	95.575817
4788.0	95.420238
4164.0	95.437686
4020.0	95.151018
1642.0	95.400738
4866.0	95.306543
2604.0	95.280705
3517.0	95.913039
4817.0	95.319505
3005.0	95.293748
2760.0	95.809051
3362.0	95.907589
3766.0	95.570753
3055.0	95.764241
3784.0	95.662637
3150.0	95.578163
1331.0	95.958003
3540.0	96.094186
3455.0	96.020115
21801.0	95.833106
3463.0	95.087678
3729.0	95.102394
3525.0	95.714634
4468.0	95.544181
5175.0	95.287341
5728.0	95.425175
5510.0	95.521594
5120.0	95.445259
2070.0	95.722774
5525.0	95.809324
5264.0	96.014373
6232.0	95.890971
5556.0	95.692557
4925.0	95.116524
2267.0	95.657913
5805.0	95.811069
6172.0	95.625824
7242.0	95.599107
6368.0	95.370904
5905.0	95.136715
2643.0	95.600632
7834.0	96.253787
8396.0	96.190242
6735.0	95.693767
6181.0	95.809201
6822.0	94.826756
2740.0	95.447286
8480.0	96.217232
7943.0	95.963198
7127.0	96.052887
7956.0	96.065104
7015.0	95.398704
2417.0	95.921499
7818.0	96.338541
6544.0	96.386935
12189.0	95.539934
6857.0	95.986340
7445.0	95.651111
4297.0	95.967050
6958.0	96.860318
7281.0	96.306231
7441.0	96.352049
7582.0	96.547793
7568.0	95.471679
2487.0	95.832377
8531.0	96.539937
7453.0	95.881165
7577.0	96.083801
6972.0	95.700409
7072.0	95.219392
2325.0	95.731679
9078.0	96.183154
7338.0	96.141918
8405.0	95.928455
9743.0	96.089884
12108.0	92.240551
5655.0	93.676285
13498.0	89.456308
14127.0	87.629829
48938.0	96.004828
13265.0	90.652365
14715.0	89.284930
2219.0	89.910175
14972.0	92.956853
14556.0	94.083224
14377.0	94.903776
13001.0	95.698454
18646.0	92.887550
3268.0	93.467925
19533.0	100.000000
16312.0	99.806657
13787.0	97.206802
7845.0	94.741227
7875.0	84.851390
983.0	85.658033
10479.0	93.369028
13731.0	95.890135
17080.0	97.367903
16316.0	96.906590
15141.0	92.167726
2667.0	92.659092
19001.0	95.974074
16453.0	94.851166
14765.0	94.141541
13075.0	92.255649
11879.0	86.033938
1341.0	86.882384
16787.0	92.620740
16315.0	92.674305
16028.0	92.055857
12730.0	90.967531
13383.0	86.640992
2074.0	87.528453
18610.0	94.045591
18077.0	93.731185
17333.0	94.002135
15476.0	92.665024
13129.0	85.593353
1340.0	86.205019
17515.0	92.788851
16858.0	93.791402
16303.0	93.693365
15049.0	92.547026
12915.0	85.945132
1401.0	86.760198
17196.0	94.268566
16466.0	94.377591
14503.0	93.132891
14310.0	92.957297
12288.0	87.583200
1461.0	88.428372
17328.0	94.625154
17992.0	95.764741
15914.0	94.938391
14615.0	94.586308
13206.0	89.517456
1204.0	90.106241
13187.0	94.139344
12817.0	95.096469
20556.0	97.850625
10206.0	95.714307
9265.0	92.911828
2118.0	93.777000
12303.0	97.029249
14707.0	98.046400
15208.0	98.610177
13892.0	97.446837
13522.0	91.813178
1848.0	92.490707
12422.0	96.894624
13173.0	95.966551
12138.0	95.427263
12558.0	94.804481
12322.0	89.529541
2187.0	90.678497
13223.0	96.103295
11462.0	94.992749
10833.0	94.341845
10029.0	94.339692
10645.0	89.105053
1544.0	89.657079
12151.0	96.285571
11976.0	95.736280
11336.0	94.945765
12065.0	94.750086
12249.0	89.013780
2895.0	90.467072
16358.0	95.826219
15420.0	95.978458
16343.0	95.189138
14165.0	94.478366
13508.0	88.998617
1629.0	89.627356
13775.0	93.925851
11466.0	92.392430
11460.0	91.908764
11338.0	91.911915
10027.0	87.350143
3263.0	89.304228
11999.0	92.705109
14236.0	95.131752
12334.0	93.643102
11797.0	93.662020
12837.0	88.898337
2075.0	89.890643
13659.0	94.011947
13664.0	93.143563
13043.0	92.993950
13235.0	93.117089
13576.0	89.863307
2754.0	90.933542
16049.0	94.132755
14694.0	93.523285
14522.0	93.736836
13401.0	93.158260
12252.0	87.601410
2077.0	89.071498
12462.0	92.239410
11592.0	92.027879
33010.0	100.000000
10575.0	93.687621
10929.0	87.094373
2184.0	88.938821
11012.0	94.369124
11680.0	93.336650
10277.0	93.252174
10727.0	93.833589
10413.0	86.545877
2552.0	88.574447
11770.0	93.180632
12115.0	92.852502
10910.0	90.937764
13290.0	91.527889
15049.0	85.163361
3364.0	87.363543
17132.0	93.221489
16317.0	91.099157
17059.0	91.240685
16943.0	91.570109
17261.0	83.455163
2531.0	85.263068
18249.0	93.032226
17702.0	92.579214
18278.0	91.980674
17421.0	90.595337
18074.0	81.538600
2241.0	83.054250
20006.0	92.296478
18179.0	90.240300
17353.0	88.447845
16249.0	86.095486
16273.0	73.209531
2285.0	75.774621
18956.0	87.353065
17459.0	85.650623
16483.0	82.399308
15777.0	81.961014
15901.0	72.309677
2308.0	74.799298
17976.0	85.304577
17297.0	81.069966
14990.0	81.957526
14453.0	80.959461
15404.0	68.050749
3017.0	72.676257
18095.0	90.338942
17258.0	81.645539
15297.0	82.363400
15410.0	81.596285
12282.0	58.831055
1416.0	61.407218
19714.0	86.425573
17737.0	84.684959
16041.0	76.950589
12741.0	71.262188
10969.0	50.143668
2130.0	55.440645
16277.0	76.008337
19685.0	78.096248
20548.0	85.059075
10731.0	67.432104
8316.0	60.288152
1653.0	64.997925
10331.0	72.712991
9996.0	75.310197
9433.0	75.430618
12340.0	82.632562
11988.0	78.386460
1745.0	80.591222
12624.0	85.219227
13053.0	85.948415
11362.0	84.452097
11653.0	84.278978
11143.0	80.921909
2091.0	83.347565
12051.0	86.036520
11346.0	86.197945
10072.0	84.626109
8943.0	84.881338
9457.0	81.684114
3416.0	85.075973
9171.0	85.752394
8714.0	85.424842
8176.0	85.655792
8681.0	85.270183
7520.0	84.989708
3401.0	87.653259
7747.0	88.832825
8027.0	88.901739
7088.0	89.207962
5842.0	89.221117
5521.0	89.894527
2372.0	91.054226
6249.0	90.899166
6071.0	90.999253
5056.0	91.526635
5375.0	91.646932
5212.0	90.640315
1376.0	91.230550
5543.0	92.062421
4667.0	91.301135
4766.0	91.216101
4557.0	91.528095
5043.0	90.701697
1084.0	91.224794
5532.0	91.254489
4796.0	91.191488
4779.0	90.394286
5090.0	91.477719
5421.0	90.774134
1170.0	91.487985
5310.0	91.154480
4877.0	91.168098
5518.0	91.115565
5242.0	90.568539
4585.0	90.262577
1728.0	90.995778
5597.0	90.795711
4965.0	90.031796
19454.0	92.291278
3471.0	89.675590
4242.0	88.513131
2100.0	90.633156
4491.0	90.788529
5101.0	90.446898
4986.0	90.736195
5412.0	90.432226
4999.0	89.760803
1062.0	90.618439
5424.0	90.198727
5531.0	90.086457
4873.0	90.659555
5794.0	90.447167
5293.0	88.743903
1824.0	90.287218
5698.0	90.707583
6002.0	89.951153
5775.0	90.362365
6432.0	90.158470
5935.0	88.292114
1131.0	89.409638
6211.0	90.746513
6018.0	89.560497
6131.0	89.521611
6078.0	89.120660
6090.0	87.784099
2231.0	89.789528
6374.0	89.673286
6250.0	89.607177
6541.0	89.423307
6423.0	88.732099
6913.0	87.010333
980.0	88.393864
7305.0	90.107909
7488.0	88.804367
6915.0	88.399226
6978.0	87.844820
6997.0	85.789697
1934.0	88.223856
8176.0	89.195403
7965.0	88.143809
8231.0	86.972751
7873.0	87.284776
7239.0	84.100037
1941.0	87.039050
7088.0	86.354402
6948.0	86.126288
7213.0	85.204930
6925.0	85.752858
6723.0	83.226916
2068.0	86.533783
7415.0	86.206070
6950.0	86.469855
7244.0	86.420915
6814.0	87.128823
7334.0	84.320334
2512.0	87.993586
7833.0	89.144418
