9414.0	88.044205
3791.0	86.299187
4234.0	86.435361
1193.0	89.446150
4312.0	90.406348
4637.0	90.168469
4326.0	90.819875
3818.0	89.991818
3563.0	89.647900
1067.0	91.208389
3304.0	90.279099
3376.0	91.216174
2627.0	89.811387
2906.0	91.482658
3048.0	90.620154
3680.0	92.131461
4747.0	93.458218
3665.0	93.398521
3819.0	94.420218
4044.0	94.168708
3616.0	93.819594
2210.0	95.432457
4377.0	95.492690
4397.0	95.461369
4561.0	95.449178
4374.0	95.287076
4012.0	94.676669
5884.0	96.093594
5825.0	95.896149
5703.0	95.724080
4718.0	95.764053
5272.0	94.998546
6005.0	94.843148
3074.0	96.469833
7113.0	96.522042
5143.0	96.061691
6609.0	96.012667
5507.0	95.969508
6814.0	95.692217
3444.0	96.688781
5922.0	96.813665
8441.0	96.815422
7158.0	96.119418
7405.0	96.134418
6014.0	95.758272
3090.0	96.637024
8121.0	96.246323
6437.0	95.987480
7760.0	96.453717
7017.0	96.229068
7622.0	96.023985
3754.0	96.731597
7649.0	96.157457
7553.0	96.129106
7186.0	96.163862
8630.0	96.262880
7066.0	95.638989
4367.0	96.495632
9016.0	96.672548
8216.0	96.498632
28646.0	97.503034
7185.0	96.920906
6707.0	96.297285
3452.0	96.635285
7242.0	97.385887
6688.0	97.127261
5727.0	95.675888
6607.0	95.732029
5290.0	95.586333
2127.0	95.801805
5285.0	96.304787
6408.0	95.779765
3796.0	95.856162
3720.0	95.758485
6042.0	95.339115
2319.0	95.709366
4776.0	96.317892
7369.0	96.381162
7511.0	95.907559
5926.0	96.057667
6276.0	95.893195
2174.0	96.080661
5922.0	96.295232
8289.0	96.195860
5157.0	96.132347
7875.0	96.239416
6318.0	96.023724
3900.0	96.165422
8259.0	96.313306
6488.0	96.374548
8542.0	96.130646
6540.0	96.190329
8279.0	95.795324
4068.0	95.954694
8808.0	96.154320
10348.0	96.389444
13318.0	95.535183
9569.0	95.733998
8373.0	95.130455
4312.0	95.628466
10742.0	96.278608
9331.0	96.219544
10479.0	96.286398
9524.0	96.482616
10808.0	95.668614
4766.0	95.910626
9824.0	96.307658
11542.0	96.221792
10637.0	96.685286
11778.0	96.929401
10081.0	96.186543
4787.0	96.271010
13712.0	96.781682
8704.0	96.772654
11962.0	96.857210
11084.0	96.659034
10268.0	96.116007
4109.0	96.338044
10498.0	97.084413
8354.0	97.168266
36916.0	97.824956
7795.0	96.870222
9016.0	95.877409
2053.0	96.140860
7459.0	97.163719
9200.0	97.136671
7864.0	97.121132
8570.0	97.032568
8434.0	96.017767
2409.0	96.231662
10094.0	97.341801
8973.0	97.164599
11811.0	97.270285
8287.0	97.370075
10119.0	96.109056
2752.0	96.250219
9735.0	97.412546
10281.0	97.469748
9938.0	97.479187
8849.0	97.280834
9188.0	96.402457
3801.0	96.555984
12738.0	97.524406
9559.0	97.519596
8428.0	97.594671
10727.0	97.613215
8917.0	96.369439
3721.0	96.545888
8958.0	97.841120
9133.0	98.110510
16534.0	97.563237
11713.0	97.698290
12912.0	96.007761
4622.0	96.226665
13283.0	97.815773
12860.0	98.118264
14185.0	98.020927
11837.0	98.020200
13524.0	95.922211
1780.0	95.983332
14516.0	97.906089
13071.0	98.131460
12537.0	98.154411
12854.0	98.048962
12539.0	96.237496
1617.0	96.303901
13034.0	98.282730
12924.0	98.433110
17273.0	97.996988
12124.0	97.787910
12027.0	95.704495
4664.0	96.079096
10589.0	98.205396
11236.0	97.536333
9529.0	97.627127
10375.0	97.540066
11467.0	95.795332
3182.0	96.064317
10919.0	97.936481
10745.0	97.820124
34762.0	98.121441
4987.0	96.964483
6879.0	95.979077
2549.0	96.219421
7573.0	97.162663
5811.0	97.146201
7755.0	96.979459
7439.0	97.041057
7407.0	96.262503
1161.0	96.342613
8652.0	97.306941
7365.0	97.461499
8481.0	97.627959
7377.0	96.866502
8869.0	95.963802
3017.0	96.231134
7588.0	97.122725
7818.0	96.403989
7562.0	96.599871
7238.0	95.837898
6339.0	93.917204
2814.0	94.499864
7284.0	94.999813
6400.0	94.811752
6438.0	94.880317
6161.0	95.111308
6125.0	94.897146
2043.0	95.311647
6325.0	95.775609
4667.0	95.757533
6353.0	95.616587
4968.0	95.800836
3622.0	94.920308
3155.0	95.385103
5192.0	95.457582
3008.0	95.435322
5101.0	95.470663
4571.0	95.525018
3454.0	95.082608
117.0	95.075399
4991.0	95.715821
4366.0	95.494689
4968.0	95.443224
5071.0	95.622337
4496.0	95.361342
2806.0	95.714092
4921.0	95.476920
3428.0	95.515134
2709.0	95.927975
4751.0	95.700681
2861.0	95.298068
2195.0	95.617106
3323.0	95.908807
5229.0	95.805045
2240.0	95.939849
5115.0	96.241801
3872.0	95.949563
165.0	95.980372
3522.0	95.988272
3498.0	96.032652
25790.0	96.192459
3403.0	95.414286
4641.0	95.284618
2081.0	95.576385
5630.0	95.881901
5110.0	95.636420
5658.0	95.581144
5604.0	95.561900
5067.0	95.383361
1962.0	95.735346
6581.0	96.116922
6310.0	96.225564
6446.0	96.028339
5778.0	95.797699
5118.0	95.125842
2850.0	95.576038
5695.0	95.994677
6269.0	95.672716
7464.0	95.624664
6665.0	95.512199
5991.0	95.160812
2739.0	95.524038
7837.0	96.102541
8303.0	96.259868
8465.0	96.066013
6486.0	96.137155
7298.0	95.184541
2885.0	95.611081
8347.0	96.197887
9827.0	96.587291
7067.0	96.078134
7866.0	95.939444
6949.0	95.428455
2242.0	95.873164
9623.0	96.641643
8098.0	96.987495
13407.0	95.748927
8558.0	96.060775
8304.0	95.784640
2461.0	96.102736
8548.0	96.860343
9021.0	96.685943
7420.0	96.219607
7528.0	96.626462
7507.0	95.393726
2462.0	95.722151
8603.0	96.645719
9398.0	96.245490
8993.0	96.487809
6868.0	95.934355
7877.0	95.608308
1950.0	95.849578
9073.0	96.241241
8923.0	96.554413
8302.0	95.857395
9765.0	96.066487
13229.0	92.357385
5424.0	93.588516
16610.0	91.389120
17872.0	90.308216
47071.0	95.938898
15571.0	92.088280
17042.0	90.878560
1210.0	91.032385
16986.0	94.734444
17432.0	95.851259
16099.0	96.379178
15198.0	97.418598
15354.0	92.609381
2261.0	93.146448
17872.0	99.712773
15307.0	99.599723
13698.0	97.358293
7277.0	93.749579
8679.0	85.686890
711.0	86.077427
10826.0	93.701602
15155.0	97.107268
16809.0	97.123369
16326.0	96.438406
15344.0	91.891753
2311.0	92.256471
19746.0	96.258836
15053.0	94.064207
14920.0	93.779952
13666.0	92.725389
13715.0	87.672262
1210.0	88.360176
15873.0	92.720275
16266.0	93.396421
17060.0	93.103888
14298.0	92.327834
15346.0	88.225274
2270.0	89.035977
17345.0	93.859479
17725.0	93.532625
15864.0	92.712819
14782.0	92.129317
12776.0	85.065253
1036.0	85.697927
16885.0	92.127225
16789.0	93.611755
15465.0	93.028789
15228.0	92.821276
14529.0	87.491973
1403.0	88.129623
18749.0	95.013483
17402.0	94.955061
17272.0	94.942426
16836.0	94.712772
14202.0	89.561026
1304.0	90.142657
19929.0	96.201000
18417.0	96.583223
17512.0	95.918632
15384.0	95.570146
13161.0	89.650881
1497.0	90.315020
14282.0	94.638348
13679.0	95.780859
20556.0	97.850625
10079.0	95.637794
8767.0	92.650137
1961.0	93.415122
12008.0	96.985944
14116.0	97.833813
15665.0	98.816618
15523.0	98.689224
13590.0	91.860222
2881.0	92.941306
13355.0	97.374054
13221.0	96.235013
12901.0	96.083328
13108.0	95.364369
12625.0	89.693678
1605.0	90.333184
12594.0	95.151359
12437.0	95.550610
11632.0	95.127596
12773.0	96.526461
12421.0	90.844533
2152.0	91.749889
13755.0	97.402266
14210.0	97.480845
14410.0	97.426254
14139.0	96.899369
14382.0	90.634139
1492.0	91.199439
14361.0	95.437746
14184.0	95.388689
16041.0	94.605494
15122.0	94.991139
14748.0	90.025268
2475.0	90.900992
15373.0	94.993420
13886.0	94.651698
13821.0	94.242567
12602.0	93.523951
12167.0	89.477304
3072.0	90.793828
12513.0	93.430541
11413.0	93.670382
10631.0	92.056075
14533.0	94.766451
14004.0	89.866855
3975.0	91.358486
15264.0	95.063566
15299.0	94.737123
15050.0	94.706304
15239.0	94.802427
13854.0	90.300041
3522.0	91.938615
17879.0	95.019247
15130.0	94.033274
15320.0	94.416170
14631.0	94.015600
13274.0	88.846371
2943.0	90.314000
14902.0	94.585318
13518.0	94.259740
31061.0	100.000000
11582.0	94.672422
10711.0	87.348293
2059.0	89.062202
10642.0	93.851862
12027.0	93.807181
11090.0	94.057140
10922.0	93.836326
11981.0	88.516596
2011.0	89.533721
11327.0	92.761860
12216.0	93.032787
13147.0	92.824972
14705.0	92.927430
15329.0	85.760390
1651.0	86.874392
15811.0	91.990890
15898.0	90.867232
15304.0	89.398219
17314.0	91.827381
16297.0	82.776968
2334.0	84.696902
17378.0	92.041445
15384.0	89.940281
16822.0	89.611647
18091.0	90.766338
19156.0	82.318428
2118.0	83.833463
18695.0	90.613493
18909.0	90.687774
17473.0	89.278646
18727.0	88.740943
18898.0	76.482476
2765.0	79.643505
20918.0	89.883693
19122.0	88.075409
18334.0	84.993717
18078.0	85.144336
17936.0	74.782798
1735.0	76.225220
19116.0	86.781710
20046.0	85.290221
16675.0	85.139653
16206.0	84.807861
15064.0	67.409994
2055.0	70.383704
19088.0	92.076122
18638.0	84.625132
15496.0	82.324862
15408.0	81.650496
13304.0	61.793186
1181.0	63.765623
20972.0	87.773065
19228.0	86.898140
17714.0	81.654926
13225.0	72.135989
11381.0	50.186562
1937.0	55.164577
17131.0	77.554167
19044.0	77.143425
19320.0	83.445197
11739.0	71.040227
9248.0	63.974091
1824.0	68.042747
10813.0	74.244837
9494.0	75.216983
11320.0	79.365313
10753.0	78.843293
11661.0	78.085993
2161.0	80.758084
12727.0	85.453631
13069.0	85.879402
12618.0	86.025166
12839.0	86.346539
12430.0	82.717665
2126.0	84.858156
11970.0	85.750256
11281.0	86.296000
10630.0	85.048915
9649.0	85.655497
9821.0	82.107416
3399.0	85.531322
9554.0	86.532611
9568.0	87.256996
8965.0	87.257596
9313.0	86.468398
7917.0	85.711738
3706.0	88.373472
8429.0	89.779332
7586.0	88.820541
6681.0	89.258752
6294.0	89.660777
5249.0	89.872465
3228.0	91.263878
5978.0	91.194906
5822.0	91.015082
5045.0	91.678959
5242.0	91.584368
5178.0	90.614963
2372.0	91.611744
5572.0	92.090683
5736.0	91.934534
4505.0	91.212156
4339.0	91.412582
4909.0	90.756485
2326.0	91.956069
5790.0	91.590524
5673.0	91.993688
5374.0	91.198286
4699.0	91.436056
5214.0	90.678951
1189.0	91.336262
5529.0	91.224132
5193.0	91.551906
5456.0	91.243852
5094.0	90.787476
5168.0	90.567486
2358.0	91.861066
5546.0	91.422670
5757.0	90.995894
19454.0	92.291278
3471.0	89.675590
4480.0	88.828799
1670.0	90.319834
5196.0	91.113438
5724.0	91.081511
5645.0	91.030445
5083.0	90.305024
4977.0	89.659375
1736.0	91.229001
5736.0	90.887676
5596.0	90.408259
4766.0	90.942755
5754.0	90.649160
5719.0	89.526282
1546.0	90.618426
5900.0	90.998441
5939.0	90.532919
5780.0	90.501450
6423.0	90.319530
5839.0	88.385703
1783.0	89.958399
6441.0	90.887883
6391.0	89.887687
6095.0	89.715196
6284.0	89.791116
6136.0	88.311922
1847.0	89.909543
6606.0	90.143092
6192.0	89.330837
6833.0	89.479448
6582.0	89.243340
6971.0	87.382752
1399.0	89.047655
7542.0	90.147370
7441.0	89.243133
7238.0	89.162537
7233.0	88.518028
7355.0	86.692290
1856.0	88.657634
8382.0	89.286123
8052.0	88.558168
8204.0	86.933951
7959.0	87.029261
7257.0	84.030023
2054.0	87.052476
7443.0	87.290357
7258.0	85.981406
7629.0	86.848096
7866.0	87.561174
6930.0	84.225556
2251.0	87.961513
7672.0	87.037069
7098.0	87.049370
7374.0	86.812116
7151.0	87.314925
7709.0	85.199387
2042.0	87.875967
8078.0	89.097439
