8893.0	87.501438
3376.0	85.117695
3666.0	85.002539
1244.0	87.711650
3965.0	88.983697
4236.0	89.140275
3911.0	89.931289
3465.0	89.407938
3181.0	88.456873
1125.0	90.986283
3110.0	89.706529
2749.0	89.595520
2370.0	88.110036
2388.0	89.927398
2970.0	90.395422
3829.0	92.225349
4101.0	92.919872
3073.0	93.063492
3451.0	93.405115
3091.0	92.889235
3654.0	93.496160
2012.0	94.679247
3922.0	94.973183
4019.0	95.011523
3991.0	94.810111
4022.0	95.341913
3934.0	94.413247
1964.0	95.981355
4085.0	95.672604
4221.0	95.514236
3873.0	95.553288
4120.0	95.204323
3751.0	95.027980
5109.0	96.116828
5196.0	95.460988
5720.0	95.898591
5203.0	95.843677
5955.0	95.798188
6701.0	95.564055
2205.0	96.429398
5149.0	96.219514
6718.0	95.863940
6857.0	96.073108
7310.0	96.124079
5661.0	95.540282
3075.0	96.647110
7366.0	95.998712
6242.0	95.966825
7354.0	96.259394
6513.0	96.049669
7322.0	95.952031
2429.0	96.668035
6952.0	95.925134
6742.0	95.733168
6324.0	95.854618
7590.0	95.988674
6655.0	95.479981
3743.0	96.367582
7566.0	96.414562
7740.0	96.292153
19885.0	97.210942
5509.0	96.609188
5813.0	95.823438
2623.0	96.158073
5915.0	96.913937
5646.0	96.651723
5575.0	95.363071
4527.0	95.464567
4625.0	95.071642
2404.0	95.217317
4265.0	95.774771
5205.0	95.466948
4484.0	95.909561
3779.0	96.056839
4819.0	95.434206
1614.0	95.551931
3757.0	96.024883
5699.0	95.700670
6449.0	95.697008
6354.0	96.036980
5576.0	95.557276
3225.0	95.977574
4636.0	95.747168
6349.0	95.884948
4096.0	96.111883
6193.0	95.648012
5142.0	95.468802
2178.0	95.934798
7955.0	96.196276
6555.0	96.166692
6919.0	96.004826
6870.0	96.413137
8448.0	96.071170
4421.0	96.088812
6453.0	96.361407
8146.0	96.339076
11766.0	95.317667
7872.0	95.337859
8632.0	95.518210
3588.0	95.788620
10971.0	96.260545
7332.0	95.916006
8134.0	95.951575
7659.0	95.943036
8389.0	95.047125
3350.0	95.527196
10332.0	96.267992
8893.0	95.690471
8523.0	96.071407
9533.0	96.455373
8157.0	95.691608
3832.0	96.094148
10936.0	96.339361
9033.0	96.839580
10414.0	96.545268
9849.0	96.643292
8806.0	95.777006
2608.0	95.905637
11006.0	96.976963
7511.0	97.007921
32767.0	97.611153
7333.0	96.818559
8387.0	95.979620
2671.0	96.285010
6595.0	97.005396
9341.0	97.090717
7860.0	97.099061
8551.0	97.085523
8562.0	96.000631
2536.0	96.201093
8631.0	97.263645
9017.0	97.203321
11855.0	97.281538
7884.0	97.365121
9786.0	95.938712
3450.0	96.287290
8201.0	97.274027
8700.0	97.382968
8619.0	97.201683
9275.0	97.318073
8220.0	96.409979
3311.0	96.554162
11082.0	97.502643
8343.0	97.389293
8407.0	97.707361
11016.0	97.553291
7930.0	96.210895
3295.0	96.340628
7758.0	97.593646
8146.0	97.840854
15033.0	97.256027
10588.0	97.523065
11106.0	95.796022
3247.0	96.151496
12063.0	97.831294
11633.0	98.127188
13438.0	97.812477
12198.0	97.990592
11517.0	95.616075
3529.0	96.020365
12786.0	98.032707
12055.0	97.842778
10791.0	97.835450
10773.0	97.675146
10733.0	95.912306
3354.0	96.211945
13441.0	98.303199
10632.0	98.042195
10842.0	97.830946
12536.0	97.759282
8206.0	95.625914
4953.0	95.897670
10204.0	97.822757
11070.0	97.506103
9525.0	97.603715
10350.0	97.388266
6828.0	95.624116
5109.0	96.013958
9622.0	97.584598
10423.0	97.675624
34762.0	98.121441
4987.0	96.964483
4336.0	95.943048
3684.0	96.287328
8308.0	97.268204
5780.0	97.187707
6054.0	97.134070
7977.0	96.972717
5049.0	95.894403
3219.0	96.345853
8728.0	97.331373
7252.0	97.454539
8474.0	97.567169
5852.0	96.541824
7481.0	95.580118
3729.0	96.003825
6873.0	97.028217
6532.0	96.191389
5908.0	96.037354
6444.0	95.510929
5371.0	93.708754
3873.0	94.841819
6430.0	95.035613
5882.0	94.624104
6470.0	94.753442
5181.0	95.251180
5518.0	94.726141
2788.0	95.191620
5408.0	95.491404
4415.0	95.668159
5842.0	95.273677
4075.0	95.161972
4230.0	95.128427
981.0	95.221805
4929.0	95.183573
3417.0	95.273723
3916.0	95.270638
4141.0	94.929075
2773.0	94.811791
77.0	94.807662
4344.0	95.629928
3790.0	95.248090
4855.0	95.359950
4192.0	95.357595
4051.0	95.293468
2289.0	95.491116
4534.0	95.467389
2730.0	95.379086
2362.0	95.597923
3971.0	95.281934
2539.0	94.915548
1720.0	95.099432
2560.0	95.484265
3911.0	95.620196
1861.0	95.514741
3912.0	95.704347
3193.0	95.766754
2594.0	95.910467
2554.0	95.796079
2652.0	95.835842
21801.0	95.833106
3463.0	95.087678
3455.0	94.987423
1861.0	95.274103
4646.0	95.472784
5319.0	95.491558
5734.0	95.582270
5021.0	95.522876
4660.0	94.967641
3307.0	95.605577
5118.0	95.505458
5034.0	96.074438
5717.0	95.664322
5596.0	95.763463
4203.0	94.925542
1768.0	95.289924
4591.0	95.426301
5850.0	95.395894
6639.0	95.397345
6706.0	95.371862
5842.0	94.924393
2751.0	95.389770
6011.0	95.679768
6690.0	95.793719
6846.0	95.619227
5624.0	95.750179
6215.0	94.799284
4067.0	95.568255
6759.0	95.775059
7913.0	95.904527
7332.0	95.953816
7887.0	96.028184
7018.0	95.642660
2396.0	96.016861
7557.0	96.282846
6529.0	96.675581
11762.0	95.669117
6874.0	95.977785
7196.0	95.513998
2288.0	95.781073
6996.0	96.603624
7419.0	96.565001
7372.0	96.404127
7649.0	96.430444
6452.0	95.192211
3799.0	95.871518
6902.0	96.092294
7481.0	95.915357
7556.0	95.854698
7044.0	95.801627
6995.0	95.231361
2327.0	95.664616
7298.0	95.844669
7399.0	96.066923
8442.0	95.838632
9171.0	95.958731
11230.0	91.826207
5938.0	93.600135
14226.0	90.446396
14550.0	88.213988
47187.0	95.939751
12234.0	89.868041
13347.0	88.186600
1282.0	88.447849
14202.0	92.555658
13468.0	93.463936
13395.0	94.654010
13227.0	95.923517
16186.0	92.141852
2969.0	92.903014
17453.0	99.301906
12616.0	98.336715
13246.0	96.733959
8092.0	94.993714
7733.0	84.606688
1083.0	85.708883
9489.0	92.220355
13600.0	95.863367
14166.0	95.770386
14407.0	95.227087
12894.0	90.779397
2158.0	91.446313
18307.0	95.153829
15903.0	94.397992
14010.0	92.996662
12122.0	91.287492
11070.0	84.921959
1515.0	85.928665
15877.0	92.067259
14590.0	91.574425
12906.0	89.556507
11649.0	89.307999
12310.0	85.129266
1497.0	85.670044
18918.0	93.268956
17096.0	92.848145
16556.0	93.005390
15594.0	92.410263
13260.0	85.576233
1615.0	86.489388
15634.0	91.765666
15215.0	92.737950
13387.0	90.613855
13167.0	90.706981
10137.0	82.051006
941.0	83.046102
12653.0	90.372673
17795.0	94.716249
15918.0	93.966838
14471.0	93.255606
13456.0	88.666116
1129.0	89.255717
16147.0	94.258452
17019.0	95.540168
15233.0	94.516857
13187.0	93.705548
11980.0	88.681065
1268.0	89.438548
12227.0	93.352901
11635.0	94.203192
19180.0	97.297370
9210.0	95.048661
8173.0	91.573850
1797.0	92.919219
11626.0	96.775530
12333.0	96.623586
13556.0	97.265453
13731.0	97.441317
12372.0	91.004400
2030.0	91.860553
12184.0	96.501074
11610.0	94.987886
11254.0	94.501207
11787.0	93.609416
11743.0	88.627195
1911.0	89.739878
12313.0	95.218930
11168.0	94.823595
9776.0	93.007288
10388.0	94.333461
10706.0	88.906933
2707.0	90.528072
12961.0	96.823677
12813.0	96.207375
12493.0	96.039448
12470.0	95.583167
12518.0	89.356120
2427.0	90.648539
13711.0	95.170136
13581.0	94.733980
15018.0	94.187369
14012.0	94.031571
12231.0	87.919331
1697.0	88.711213
13824.0	93.669962
11544.0	92.354050
11121.0	91.599672
11052.0	91.866332
10743.0	87.733132
2590.0	89.436096
11956.0	92.475640
11431.0	93.199939
12123.0	93.298693
12820.0	93.944322
13344.0	89.305145
1881.0	90.194460
12666.0	93.294932
13390.0	92.836319
12452.0	92.669703
12813.0	93.235267
11485.0	88.054685
2150.0	89.419122
14986.0	93.151205
13912.0	92.763097
14174.0	93.320056
13278.0	92.509102
13067.0	88.288875
1942.0	89.458623
11395.0	91.196402
10365.0	90.640650
31061.0	100.000000
10375.0	93.521148
10407.0	86.617394
1479.0	87.841660
8684.0	91.644692
9900.0	90.736013
9230.0	91.171897
10007.0	92.435161
10972.0	86.698716
2585.0	88.436635
10384.0	91.720410
9721.0	90.103310
10580.0	89.655490
12035.0	89.886140
13034.0	82.804094
3275.0	85.528501
14372.0	90.249742
13635.0	87.935298
15498.0	89.411115
15532.0	90.129117
14171.0	80.268369
1936.0	82.011759
16169.0	90.130959
15678.0	90.156268
15529.0	88.242167
15922.0	87.574071
16035.0	78.446820
2359.0	80.558760
17539.0	88.981646
16227.0	87.116147
16438.0	86.733268
14766.0	82.989868
14654.0	69.898345
2660.0	73.664861
15136.0	80.913812
15695.0	81.962309
15795.0	80.094271
15853.0	81.183862
15178.0	70.075213
2890.0	73.891162
19084.0	86.559513
18629.0	82.840038
16779.0	84.745537
15622.0	83.607328
13789.0	64.918007
2719.0	69.555822
16034.0	86.315780
17130.0	81.636927
13915.0	79.746675
14793.0	80.172760
14137.0	63.093405
1817.0	65.990406
20275.0	87.338829
17629.0	84.691226
16181.0	77.402342
11220.0	65.607345
9174.0	41.855164
1652.0	46.983223
13599.0	71.024641
15982.0	71.850437
19259.0	83.582048
10469.0	66.677238
8204.0	59.058841
1532.0	63.243492
9625.0	71.287703
9319.0	74.272259
8724.0	72.275554
9284.0	75.855960
10343.0	74.635164
2530.0	78.784837
10902.0	82.420874
10600.0	81.353256
9911.0	80.808844
9886.0	80.271019
9302.0	76.860395
2260.0	80.644683
10532.0	83.267117
8720.0	81.795275
8757.0	81.229838
8041.0	81.887775
7998.0	77.901217
3411.0	82.704557
8749.0	84.496973
8501.0	85.092253
7883.0	85.145780
7345.0	82.607390
7187.0	83.318837
3441.0	86.684026
7079.0	88.089471
7007.0	87.152301
6447.0	87.983161
5624.0	88.308818
4827.0	89.139203
3079.0	90.888307
5333.0	90.304072
5331.0	90.019138
4393.0	90.444176
4772.0	90.748740
4548.0	89.508636
1427.0	90.383502
4952.0	91.349874
4107.0	90.447712
4222.0	90.333748
3949.0	90.777898
4463.0	89.807164
1186.0	90.543231
5353.0	91.111752
4178.0	90.510844
5006.0	90.361895
4338.0	90.450849
4804.0	89.928854
1343.0	90.697266
5738.0	91.036963
4606.0	90.644397
4745.0	90.282458
4567.0	89.738163
4627.0	90.019566
1495.0	90.695748
4881.0	90.012524
4898.0	89.660411
18532.0	91.922286
2881.0	88.444542
3950.0	87.775411
1635.0	89.577990
4657.0	90.779766
5162.0	90.245657
4259.0	89.635063
4788.0	89.507516
4451.0	88.976412
1921.0	90.539122
5580.0	90.265474
5185.0	89.991628
4269.0	89.912433
5178.0	89.471356
5162.0	88.195303
1024.0	89.332116
5385.0	90.190771
5423.0	89.167960
5239.0	89.222320
5434.0	88.238048
5391.0	87.195774
1962.0	89.565629
5588.0	89.845139
6029.0	89.301549
5565.0	88.596302
5736.0	88.195790
5536.0	87.129632
1664.0	89.398029
6246.0	89.610692
5655.0	87.758773
6023.0	88.055610
5924.0	88.325262
6215.0	85.409195
1500.0	87.576817
7428.0	89.549371
6838.0	87.813889
6851.0	87.802958
6889.0	87.563948
6841.0	85.740381
1450.0	87.447326
7659.0	88.057613
7316.0	87.451842
7601.0	85.480878
7210.0	85.027129
6867.0	83.682233
2175.0	86.859579
7164.0	86.163003
6820.0	85.492761
7191.0	86.070608
6605.0	85.332844
6298.0	82.153971
2152.0	86.371415
6950.0	85.158239
6520.0	85.777105
6726.0	85.009687
6188.0	85.267424
6735.0	82.422777
2512.0	86.874611
7546.0	88.345816
