6305.0	75.802453
1683.0	70.704961
2366.0	77.064774
320.0	78.858255
2384.0	80.548268
2204.0	79.449516
2104.0	79.668602
1944.0	80.976547
1881.0	82.770957
584.0	84.671460
1977.0	83.697503
1845.0	83.326177
1297.0	80.372538
1349.0	82.210158
1444.0	83.390474
1668.0	86.903538
1785.0	86.111605
1884.0	88.225091
1721.0	88.064266
1671.0	87.976901
1531.0	87.527559
1014.0	90.622382
1845.0	90.310315
1862.0	90.497247
1902.0	90.901150
1801.0	90.953015
1749.0	90.663823
1353.0	93.457216
1986.0	92.471997
2201.0	93.247420
2029.0	93.044781
2059.0	92.481183
1763.0	91.661530
1276.0	94.079496
1965.0	93.413674
2144.0	93.060717
1966.0	92.708549
1990.0	92.764664
2576.0	92.852280
3851.0	94.077228
2205.0	93.694215
2812.0	93.916023
2666.0	93.693050
2348.0	93.518454
2594.0	93.049097
2017.0	94.626132
2909.0	93.319026
3094.0	93.694444
2881.0	94.136990
2851.0	93.482669
3087.0	93.887855
1780.0	95.137670
3363.0	94.234577
3549.0	94.483111
3545.0	94.641155
3767.0	94.846050
3547.0	94.253464
2132.0	95.114394
3402.0	95.162075
3542.0	94.323679
12158.0	95.899031
2462.0	94.288357
2684.0	93.202246
1360.0	94.981797
2507.0	94.954862
1944.0	95.250486
1304.0	93.686719
1423.0	93.518043
1060.0	93.216124
149.0	93.522223
935.0	93.890266
933.0	93.285559
966.0	93.520547
902.0	94.034966
1090.0	93.559014
769.0	93.981966
896.0	94.233963
1201.0	94.158325
2036.0	94.117508
1670.0	94.138469
1515.0	93.814314
778.0	94.291274
1938.0	94.543756
1779.0	94.782027
1741.0	94.377541
2336.0	94.167497
2054.0	94.357095
599.0	94.351580
2233.0	94.609566
1882.0	94.503716
2390.0	94.257624
1947.0	94.567686
2471.0	94.545441
4124.0	94.830995
4529.0	94.966935
3068.0	94.594739
4212.0	93.894006
3153.0	94.090990
3106.0	93.623761
4285.0	94.194128
3301.0	94.393196
3096.0	94.759758
3639.0	94.846669
3593.0	94.838102
3604.0	93.516693
4607.0	93.983743
6142.0	94.930389
6545.0	94.750188
4090.0	95.035322
4681.0	95.688968
4471.0	94.936306
3767.0	95.201899
5506.0	94.958620
4989.0	95.674427
6341.0	95.801103
5994.0	95.535253
5264.0	94.898570
4301.0	95.373620
5254.0	96.203072
4369.0	95.992857
17557.0	97.154363
3519.0	95.812058
3621.0	94.624804
1227.0	95.054072
3700.0	96.062249
3819.0	95.547519
3719.0	96.032049
3775.0	95.800861
3773.0	94.675532
1667.0	95.237568
4813.0	96.474892
4164.0	95.935302
4699.0	95.826004
3782.0	96.305022
4079.0	94.801258
1804.0	95.347759
4639.0	96.344384
4700.0	96.534140
4797.0	96.332730
4856.0	96.643347
4724.0	95.349315
1405.0	95.705993
6167.0	96.801773
4979.0	96.494776
5467.0	96.736914
6498.0	96.740586
4295.0	95.345510
1719.0	95.696243
4495.0	96.807137
5057.0	96.841140
6697.0	96.135809
4275.0	96.190854
5040.0	94.559485
2367.0	95.059927
4495.0	96.511142
4832.0	97.015159
5482.0	96.689448
4444.0	96.519830
4514.0	94.458927
719.0	94.648066
5542.0	97.023068
4678.0	96.365401
4679.0	96.625517
4483.0	96.287074
4629.0	94.826922
786.0	95.044569
4641.0	97.157605
4410.0	97.054090
5460.0	96.943924
4678.0	96.880893
4193.0	94.422442
1672.0	94.974213
4232.0	97.048364
4303.0	96.178044
3934.0	96.823963
3520.0	95.322319
3729.0	94.158900
1886.0	95.078213
3827.0	96.589291
3723.0	96.348962
17248.0	97.253149
2630.0	95.826382
2565.0	94.512908
885.0	94.965821
3330.0	95.902845
2763.0	95.482521
3219.0	95.073256
4008.0	95.402537
2694.0	93.920381
2132.0	95.315460
4276.0	95.703970
3735.0	95.522825
3929.0	95.236625
4099.0	94.172876
4497.0	93.261354
1989.0	94.781864
4279.0	94.993480
4113.0	94.268876
3301.0	93.573950
3872.0	93.001696
3402.0	90.716617
1813.0	92.515737
3891.0	93.114387
3474.0	92.776698
3530.0	92.605606
2858.0	93.165639
2762.0	92.383676
1594.0	93.719822
2972.0	93.914582
2666.0	93.654145
3310.0	93.922648
2311.0	93.461142
2019.0	93.332244
1766.0	94.073426
2706.0	94.002172
1872.0	94.427563
2387.0	93.730543
2555.0	94.087368
1476.0	93.659948
297.0	93.884412
2388.0	94.569713
2243.0	93.993564
2356.0	94.254933
2015.0	94.120788
2358.0	94.165330
368.0	94.377578
2490.0	94.156502
1699.0	94.195482
1411.0	94.668070
1840.0	94.547178
1599.0	94.074479
652.0	94.074543
1774.0	94.459375
1380.0	94.488422
1368.0	94.450342
1388.0	94.630312
1040.0	94.543559
3276.0	94.745661
1367.0	94.792301
2840.0	94.847740
11085.0	94.989624
1562.0	94.044272
1803.0	93.630343
301.0	93.786476
2217.0	93.885669
2307.0	93.910276
3137.0	93.891376
3121.0	94.113247
2440.0	93.758338
3857.0	94.331354
3930.0	94.736929
2451.0	94.573226
3158.0	94.749638
3032.0	94.434718
2428.0	93.873064
2959.0	94.294769
3511.0	94.553496
4371.0	94.499527
3305.0	94.178859
3203.0	94.256162
2554.0	93.557229
3679.0	94.301060
2750.0	94.607217
3386.0	94.649092
3608.0	94.252874
3077.0	94.621715
3431.0	93.617857
3648.0	94.287477
3390.0	94.844251
3786.0	94.701743
3656.0	94.827637
4300.0	94.932537
3704.0	94.543475
3473.0	95.004617
3646.0	95.071043
3387.0	95.659771
4846.0	94.408587
3311.0	94.730487
3062.0	94.702126
1099.0	94.890238
2909.0	95.901136
3314.0	95.648628
3298.0	94.965062
3438.0	95.297227
3325.0	94.009150
4550.0	94.592427
2990.0	94.860975
3410.0	94.545809
3370.0	94.842218
3182.0	94.420373
3314.0	93.785076
3786.0	94.289569
3319.0	94.466942
3383.0	94.972604
3757.0	94.526788
5114.0	94.533225
6259.0	89.411048
4840.0	92.036734
7993.0	84.817299
7819.0	80.869760
32947.0	93.092878
6835.0	82.922372
7419.0	81.440393
1725.0	83.222517
8456.0	86.696483
8062.0	87.509734
6358.0	86.346602
6788.0	87.183379
8292.0	84.183303
2347.0	85.902894
11569.0	94.253268
11911.0	95.772572
10309.0	92.867217
5301.0	88.793477
4755.0	76.156506
751.0	77.866117
4649.0	82.101498
4423.0	80.842665
3414.0	75.172317
3227.0	71.526155
3329.0	67.728735
1062.0	70.146585
5446.0	76.270535
6282.0	77.696404
6975.0	78.867389
8639.0	80.805858
11381.0	81.013741
2402.0	82.776286
10827.0	85.227973
7367.0	80.496629
4655.0	68.405011
3616.0	63.860570
3100.0	53.940232
925.0	58.852276
4265.0	62.868277
5029.0	66.125094
5360.0	68.806409
6381.0	70.794716
8379.0	73.040823
2097.0	75.945399
13047.0	84.888718
10659.0	85.461230
8278.0	81.389861
6308.0	76.068248
4096.0	61.257833
905.0	65.049542
4024.0	65.281656
3990.0	63.955319
4136.0	65.317348
3846.0	63.234012
4636.0	65.720165
1312.0	70.768855
8234.0	80.460163
9175.0	85.285310
8994.0	85.260142
10556.0	88.735168
8176.0	80.998901
2079.0	84.142892
8029.0	87.025870
5889.0	84.665825
11033.0	91.186115
4745.0	86.642674
4763.0	85.023060
1727.0	88.515385
7728.0	92.587944
8232.0	92.516035
7206.0	89.853557
5931.0	85.663597
5453.0	76.596488
1592.0	81.097364
5545.0	83.549327
6233.0	82.758335
5083.0	79.741657
5130.0	76.586243
4965.0	72.380419
1729.0	76.731135
6079.0	81.920671
6137.0	84.204872
5369.0	81.270186
5416.0	81.532733
5516.0	77.936852
2209.0	82.343998
7706.0	89.775987
7364.0	88.613624
7570.0	88.724303
7088.0	86.789902
6987.0	79.490713
1729.0	82.110440
8510.0	86.663205
8341.0	86.411384
6806.0	80.562814
6863.0	80.574346
6379.0	74.868632
1933.0	78.401969
7330.0	81.094537
6087.0	78.560619
5163.0	76.099769
4976.0	75.431977
5022.0	72.496030
1894.0	76.753790
6424.0	80.745143
6393.0	82.803460
6683.0	81.828279
6495.0	82.924095
6227.0	76.402071
2175.0	80.595000
6748.0	81.933635
6908.0	81.539610
6715.0	81.545697
6330.0	80.720395
6038.0	75.870764
1654.0	79.481185
7642.0	82.266288
7475.0	81.572598
7374.0	82.227397
6385.0	79.508938
6453.0	75.325345
1740.0	78.505693
6751.0	79.780376
6220.0	80.506156
19627.0	95.214904
3264.0	73.450814
2996.0	61.215665
753.0	64.978813
3187.0	67.800836
3455.0	66.933361
5244.0	76.247661
4188.0	74.814145
4753.0	69.181093
2334.0	75.751019
6046.0	79.630680
5722.0	77.992631
5551.0	74.607910
6605.0	74.409661
7280.0	67.927095
1756.0	71.829388
7947.0	75.952504
7783.0	73.341122
8598.0	73.694321
8043.0	72.887116
8143.0	64.462051
2142.0	69.572445
9038.0	75.797485
8178.0	73.370043
8900.0	72.640441
8400.0	69.969517
8171.0	60.165845
1552.0	63.872941
9921.0	72.716330
9081.0	70.292059
7976.0	65.052893
7814.0	63.298542
7080.0	45.727503
1835.0	53.052008
8945.0	64.158762
8455.0	62.350448
7841.0	56.099014
6743.0	52.699633
6949.0	44.502875
1684.0	50.538205
7432.0	53.564584
8099.0	54.831731
7502.0	56.982955
6644.0	51.090769
6951.0	36.584969
1237.0	41.918778
7825.0	60.284063
9467.0	59.580541
7458.0	54.307158
7621.0	54.320650
7386.0	39.473143
1186.0	43.416905
9101.0	57.743887
8991.0	57.935837
8907.0	55.218490
8335.0	53.401488
7882.0	36.056005
1450.0	41.180627
7505.0	48.530225
6687.0	41.512431
10053.0	60.089050
5000.0	40.439736
4155.0	36.945779
987.0	42.445069
3966.0	41.005368
3883.0	44.675700
3696.0	44.055751
3640.0	42.519801
3585.0	41.983501
1120.0	48.940214
4445.0	55.661431
4073.0	52.459964
4112.0	54.943412
4498.0	56.766285
4403.0	54.865699
1522.0	61.944834
5307.0	65.351294
4065.0	60.670166
4167.0	62.028699
4010.0	63.303911
4281.0	61.461470
1654.0	67.067250
4290.0	67.678228
4146.0	68.192954
4246.0	70.293629
4383.0	69.879983
3858.0	70.558182
1657.0	73.781612
3566.0	76.144054
3586.0	75.005705
3723.0	77.581132
3412.0	78.649301
2144.0	79.584572
1094.0	80.921949
2982.0	81.517003
2814.0	81.656025
2233.0	82.534567
1668.0	81.182059
1848.0	80.251044
2076.0	83.601346
1734.0	82.925400
2128.0	82.535820
2033.0	82.383074
2075.0	83.161252
1600.0	81.001189
1717.0	83.554141
2082.0	82.313964
2131.0	82.506482
1982.0	80.713760
1802.0	81.049105
2066.0	80.426665
1925.0	83.411087
2481.0	81.725239
2277.0	82.050182
2611.0	82.080930
2177.0	80.985646
2124.0	81.366127
1223.0	83.161138
2446.0	81.967295
2570.0	80.960840
12334.0	85.607609
966.0	79.130178
1825.0	78.462277
442.0	79.905926
2094.0	81.244716
2346.0	80.982374
2298.0	81.249618
2579.0	81.026268
2137.0	79.796466
884.0	81.642300
2644.0	81.634595
2681.0	81.069400
2446.0	81.901400
2440.0	79.997137
2583.0	78.216312
1388.0	81.812439
2854.0	81.701983
3191.0	81.108464
2603.0	79.528475
3007.0	78.574491
3080.0	77.994175
1408.0	81.810200
3186.0	80.901598
3181.0	78.838841
3260.0	79.664742
3301.0	78.922590
3196.0	77.397600
560.0	79.707950
3304.0	79.222018
3389.0	78.831218
3676.0	78.576627
3590.0	77.727349
3824.0	75.662803
541.0	77.930137
4127.0	79.075142
4324.0	78.630697
3603.0	76.139162
3665.0	74.628143
3629.0	72.725626
1266.0	78.295247
4491.0	77.491362
4569.0	77.555607
4271.0	73.810979
4124.0	72.787521
3908.0	71.512572
723.0	74.728565
4361.0	77.422440
3760.0	73.362766
3989.0	74.123906
3983.0	74.620943
3708.0	71.504845
1250.0	77.557519
4212.0	75.103141
3787.0	74.728342
3976.0	73.665016
3836.0	75.182738
4032.0	71.813389
729.0	74.723463
4579.0	78.986054
