5777.0	71.836243
1284.0	66.006707
1667.0	68.941587
482.0	73.736844
1654.0	73.942299
1737.0	75.084013
1613.0	74.617477
1432.0	75.582271
1488.0	76.311501
711.0	80.835032
1599.0	79.314926
1431.0	80.190838
1052.0	76.880137
949.0	76.028546
887.0	75.226537
700.0	81.216535
1484.0	83.626425
1214.0	83.683865
1249.0	84.606484
1592.0	86.573374
1292.0	85.444157
1683.0	88.432595
1566.0	88.134587
1901.0	87.821241
1719.0	89.483459
1530.0	88.245579
1506.0	88.452843
1050.0	91.125781
1616.0	91.320140
1599.0	90.720220
1473.0	90.896329
1615.0	91.468703
1705.0	91.183558
1133.0	93.088680
1568.0	92.436666
1477.0	92.694089
1780.0	92.539927
1702.0	92.331018
1705.0	92.285559
1063.0	93.791247
1868.0	93.200178
1985.0	93.047671
2167.0	93.043683
1877.0	93.096362
1786.0	92.219406
1247.0	93.752155
2025.0	92.284297
2151.0	92.027942
1987.0	92.364859
2158.0	92.539391
2288.0	92.786542
1048.0	94.024106
2140.0	92.867261
2408.0	93.176911
2431.0	92.954885
2588.0	93.099277
2525.0	92.735182
1483.0	94.031346
2546.0	93.710487
2641.0	93.769274
9952.0	94.902601
2005.0	93.177379
1979.0	92.769024
1079.0	94.547935
2008.0	94.160228
1072.0	94.170586
367.0	92.054567
354.0	91.713143
309.0	91.873477
735.0	92.111260
660.0	92.715658
680.0	92.720085
635.0	92.867575
601.0	92.623497
680.0	91.976681
423.0	92.159278
841.0	93.267423
966.0	93.615163
1416.0	93.609334
1457.0	93.631136
1273.0	93.236950
549.0	93.456473
1400.0	93.596134
1240.0	94.097677
1313.0	93.439782
1927.0	93.470125
1572.0	93.561374
179.0	93.731747
1720.0	93.929324
1585.0	93.974876
1791.0	94.130914
1542.0	93.883280
1823.0	93.944626
1031.0	94.257149
2180.0	94.171378
1862.0	93.594093
2624.0	92.920771
2444.0	93.167761
2426.0	93.035907
1070.0	93.401103
2383.0	93.752992
2348.0	93.751236
2747.0	93.995176
2769.0	93.831464
2766.0	93.026094
1161.0	93.666715
3639.0	94.044768
3163.0	93.631359
3335.0	94.503795
3609.0	94.879826
3409.0	94.280622
1296.0	94.697915
4000.0	94.480890
3955.0	95.102027
4909.0	95.334631
4558.0	94.900720
4053.0	94.373043
1454.0	94.935457
4025.0	95.425513
3733.0	95.706171
12968.0	96.644942
2911.0	94.896409
2922.0	93.688551
695.0	94.428783
2876.0	95.530140
3609.0	95.264382
3547.0	95.593601
3565.0	95.559031
3466.0	94.136166
616.0	94.539702
3435.0	95.702482
3915.0	95.344878
4432.0	95.542993
3502.0	96.144417
3745.0	94.374251
684.0	94.694717
3289.0	95.752080
3422.0	95.827796
3554.0	95.761676
3496.0	96.085895
3735.0	94.696980
801.0	94.935234
4533.0	95.666930
3682.0	95.650506
4143.0	96.133982
5028.0	96.024880
3780.0	94.971965
779.0	95.043196
3961.0	96.286799
3710.0	96.124084
5222.0	95.151949
3424.0	95.234750
4053.0	93.640946
1151.0	94.123333
4489.0	96.052471
3836.0	95.907740
4219.0	95.765035
4043.0	95.991297
3101.0	93.037199
2359.0	94.404981
4166.0	96.107819
4105.0	96.089498
3242.0	95.452219
3165.0	95.277578
3336.0	93.520479
1281.0	94.296676
4026.0	96.457488
3028.0	95.992800
3934.0	95.764724
3417.0	95.511683
3388.0	93.544513
1249.0	94.030499
2948.0	96.069196
3143.0	95.371311
2908.0	95.535717
2576.0	94.617550
2672.0	92.881896
2101.0	94.275158
2754.0	95.596900
2748.0	95.525409
14116.0	97.049612
1799.0	94.726550
1989.0	93.792585
1589.0	94.725473
2692.0	94.855612
2048.0	94.615795
2681.0	94.976529
2007.0	93.611930
2109.0	92.370369
1291.0	93.929809
3716.0	94.861585
2868.0	94.502310
2408.0	93.737785
2665.0	92.118059
3292.0	91.609508
1530.0	93.224608
3260.0	92.966078
2818.0	92.399472
2438.0	91.229234
3249.0	90.680994
2748.0	89.345140
1748.0	90.935407
3350.0	92.528238
2535.0	91.012763
2628.0	91.370270
2249.0	91.214217
2285.0	91.623545
1346.0	92.632417
2409.0	93.337239
2214.0	93.744329
2655.0	92.584304
1970.0	93.271147
1624.0	93.051689
1181.0	93.487387
1934.0	93.088358
1478.0	93.520672
1904.0	93.079042
1888.0	93.186825
1089.0	92.674128
256.0	92.946185
1916.0	93.383655
1782.0	93.193914
1771.0	93.198656
1526.0	93.589888
1845.0	93.212665
291.0	93.426143
1886.0	93.946786
1360.0	93.502846
1069.0	94.166443
1323.0	93.641586
1357.0	93.238565
1005.0	93.692834
1504.0	94.214764
945.0	93.394688
1150.0	93.775567
964.0	93.961260
659.0	93.666735
471.0	93.835491
1004.0	93.979427
1113.0	94.013128
8917.0	94.602556
949.0	93.309253
1370.0	93.250844
886.0	93.656462
1544.0	93.319432
1686.0	93.448361
2384.0	93.461847
2353.0	93.553340
1880.0	93.320764
870.0	93.807748
2397.0	94.064559
2451.0	94.443144
2479.0	94.203665
2312.0	93.790456
1712.0	93.217378
806.0	93.710512
2134.0	93.765066
2519.0	93.817175
2390.0	93.795483
2478.0	93.431656
2637.0	93.179768
470.0	93.461441
2593.0	94.332571
3182.0	94.528200
2665.0	93.865581
2187.0	93.952810
2545.0	92.860078
1121.0	93.387068
3370.0	94.141575
2910.0	94.398313
2698.0	93.813906
3189.0	94.346905
2817.0	93.745064
1072.0	94.118057
3579.0	94.912476
3300.0	95.018226
3713.0	94.070806
2591.0	94.578759
2490.0	94.362835
898.0	94.655894
2877.0	95.709677
2316.0	95.121010
2402.0	94.619901
2467.0	94.655579
2634.0	93.641881
904.0	93.980058
3090.0	94.428358
2377.0	93.860202
2498.0	94.171906
2377.0	93.709584
2516.0	93.100121
929.0	93.665406
3326.0	93.966775
3084.0	94.276831
2747.0	93.840878
3859.0	93.908374
5498.0	88.429633
3339.0	90.400043
7250.0	83.269505
6867.0	78.756711
28304.0	91.371479
6589.0	82.198560
7554.0	82.154324
1728.0	83.859290
8364.0	87.017241
6890.0	85.810219
6194.0	84.824022
6050.0	86.272319
7412.0	82.627653
1413.0	84.187202
10406.0	92.771065
7960.0	91.655675
6788.0	87.725607
3279.0	81.280576
3041.0	67.596668
456.0	69.002286
2720.0	70.607608
2710.0	69.894597
2797.0	67.138951
2754.0	66.661634
2627.0	62.756418
616.0	65.229092
3526.0	68.233708
4086.0	68.389044
4691.0	69.598949
5471.0	70.603378
7974.0	72.590582
1098.0	73.847926
9482.0	79.642417
7551.0	78.261946
5686.0	71.923298
3723.0	65.313818
2992.0	54.670611
292.0	55.876912
3245.0	56.322496
3472.0	56.425719
3328.0	56.683480
3423.0	56.998193
3665.0	53.600353
933.0	57.542004
5091.0	64.857652
5875.0	69.987360
6713.0	72.703786
7225.0	74.772335
7169.0	72.074548
1226.0	74.043807
6663.0	77.459622
5810.0	76.109491
4305.0	67.673774
3444.0	62.444154
3303.0	58.056380
646.0	61.343724
3972.0	63.368751
3209.0	61.435105
3519.0	60.651069
3678.0	63.140460
3562.0	59.507970
1277.0	65.570999
5127.0	76.019035
5102.0	80.284833
8585.0	85.965001
4211.0	84.016128
4115.0	81.808566
1401.0	85.511313
5360.0	87.245446
5749.0	86.831244
4714.0	80.419813
4917.0	80.604616
4236.0	70.224877
1300.0	74.818211
5440.0	81.739491
5301.0	80.085167
4209.0	75.583963
3794.0	70.171961
3676.0	65.171194
854.0	68.937257
3507.0	69.412499
3355.0	70.781539
3186.0	69.427003
2991.0	69.522527
3106.0	64.483557
883.0	67.844530
4783.0	78.608611
5641.0	81.772281
6364.0	84.532279
5277.0	80.383536
5825.0	74.918135
1379.0	77.790033
6529.0	81.438314
5891.0	79.000145
5945.0	76.402827
4433.0	70.324835
3875.0	62.591779
841.0	65.588839
4154.0	66.976857
4009.0	66.438561
3909.0	67.505210
3705.0	67.166240
3622.0	63.464839
1305.0	68.018287
4871.0	73.302228
4746.0	74.868630
5234.0	75.406447
5123.0	76.961802
4941.0	69.904525
1219.0	73.308400
5508.0	76.560828
5805.0	75.995917
5044.0	75.248119
5180.0	75.555784
5010.0	71.095403
1449.0	74.900226
6452.0	77.293723
4897.0	73.008467
4953.0	72.394622
4315.0	69.571872
4458.0	64.461324
1143.0	69.184813
4180.0	68.192099
4016.0	68.642198
15628.0	90.332964
2643.0	68.704248
2963.0	57.784698
794.0	62.587452
3063.0	66.328860
2680.0	61.281604
2747.0	61.094821
2883.0	62.015091
3085.0	55.948545
1013.0	60.303434
4459.0	68.301965
4260.0	67.779389
4423.0	66.815896
5252.0	66.452281
5965.0	61.028294
1329.0	65.030221
6330.0	68.488376
5865.0	64.756615
5901.0	63.204872
5869.0	62.989408
5308.0	51.822020
1067.0	55.834289
6445.0	65.326082
5811.0	62.863425
5292.0	56.084766
5251.0	53.814237
5277.0	43.878186
1269.0	49.823180
6859.0	60.075413
6794.0	59.506642
5240.0	50.801001
5518.0	48.715581
5655.0	38.839012
811.0	42.591555
6294.0	51.371033
5250.0	44.045870
5498.0	42.547508
5667.0	42.790969
5577.0	36.076950
1213.0	41.248902
6125.0	46.740455
6370.0	45.139723
6740.0	51.080454
6483.0	50.600497
6966.0	38.439263
774.0	41.108129
6501.0	52.351524
7583.0	50.919696
7312.0	52.358979
7726.0	53.981387
7346.0	38.640861
966.0	41.859700
8683.0	56.363313
8988.0	58.478538
8953.0	55.255369
8328.0	53.401260
7744.0	35.944733
830.0	38.527299
7479.0	49.443961
6651.0	41.829180
7651.0	50.913407
4978.0	39.152332
4120.0	36.216241
609.0	39.276600
3930.0	40.529548
3821.0	44.061103
3760.0	43.504239
3616.0	43.834764
3656.0	42.216741
538.0	45.245918
3442.0	46.873845
3565.0	46.782565
3600.0	50.304970
3612.0	50.853830
3519.0	47.567003
599.0	50.718458
3358.0	51.846075
3143.0	52.453509
3136.0	51.793749
2833.0	52.370618
2851.0	50.147029
836.0	54.330265
2507.0	52.172225
2597.0	53.422512
2343.0	53.567105
2420.0	53.688704
2221.0	55.865681
1021.0	60.874145
2294.0	64.109764
2036.0	62.351195
2130.0	64.794867
1894.0	67.307311
1584.0	70.959007
1195.0	72.824055
1951.0	73.363572
2377.0	75.054160
1232.0	75.338486
1360.0	75.504791
1375.0	74.400881
1370.0	77.697552
1461.0	77.231685
1620.0	77.303269
1583.0	77.485217
1486.0	78.238309
1117.0	75.325700
1815.0	79.880065
1462.0	77.510177
1484.0	78.002230
1290.0	75.599949
1209.0	75.287557
1489.0	74.845873
1760.0	79.187311
1742.0	77.318246
1645.0	77.876536
1892.0	77.798719
1843.0	76.831565
1612.0	77.012559
929.0	78.971912
1723.0	77.620642
1940.0	76.925735
10516.0	81.681166
662.0	74.577877
1238.0	73.278388
376.0	74.984431
1459.0	75.452321
1721.0	75.488653
1663.0	76.396071
1851.0	75.367097
1805.0	75.555089
646.0	77.107329
1873.0	75.749658
2051.0	76.077738
1831.0	76.714039
1789.0	73.824156
1955.0	72.384234
1331.0	77.729707
2160.0	76.230551
2514.0	76.438591
2001.0	74.313113
2268.0	73.175355
2315.0	71.988033
524.0	74.260803
2590.0	76.168552
2485.0	73.561674
2539.0	73.503129
2545.0	73.051858
2489.0	71.325797
457.0	73.608207
2529.0	73.194845
2624.0	73.064298
2868.0	73.518902
2782.0	72.936100
3052.0	71.398631
501.0	73.726467
3244.0	73.482881
3356.0	72.423262
2957.0	69.719069
3000.0	69.842630
2920.0	67.893906
865.0	72.420095
3525.0	71.491699
3653.0	72.227489
3471.0	68.131386
3332.0	68.230784
3145.0	65.362647
358.0	67.770419
3361.0	70.283031
3055.0	67.294539
3252.0	67.571506
3239.0	69.082743
3024.0	65.403436
907.0	70.803652
3489.0	70.060601
3068.0	68.281783
3311.0	68.015108
3168.0	69.141318
3309.0	66.515791
386.0	68.700506
3540.0	72.950037
