8893.0	87.501438
3376.0	85.117695
4124.0	86.083590
1402.0	89.020251
4401.0	89.772561
4398.0	89.741179
4088.0	89.978772
3755.0	90.051668
3523.0	89.583047
1181.0	91.069427
3311.0	89.954489
2986.0	90.286277
2698.0	89.839193
2927.0	91.012597
3131.0	90.864922
4555.0	92.597064
4268.0	93.473383
3795.0	94.017889
3966.0	94.722158
3868.0	94.507354
3654.0	93.878188
2065.0	95.041034
4305.0	95.657223
4133.0	94.995708
4127.0	94.963106
4228.0	94.816167
4021.0	94.995183
3940.0	96.023403
4616.0	96.103061
4514.0	95.710553
5381.0	95.367595
5404.0	94.983236
4578.0	94.753428
4575.0	96.278543
6299.0	95.826899
5015.0	95.802839
6427.0	95.870950
5631.0	95.644967
7156.0	95.878399
2244.0	96.616394
5655.0	96.645669
7601.0	96.470230
7413.0	96.018709
7631.0	96.287123
6043.0	95.718991
3345.0	96.620976
8459.0	96.327364
6731.0	96.174290
7781.0	96.648292
6531.0	96.121420
7322.0	96.046151
4170.0	96.651292
7231.0	96.138910
7493.0	96.020538
6994.0	96.173003
8752.0	96.436089
7098.0	95.793632
4130.0	96.450461
8417.0	96.683583
8568.0	96.628428
28646.0	97.503034
6681.0	96.841424
6813.0	95.951461
3037.0	96.221886
8603.0	97.344805
6242.0	96.894212
5715.0	95.616199
4796.0	95.478764
6162.0	95.483316
2293.0	95.895520
4093.0	96.100336
6482.0	95.774082
3783.0	95.753952
3723.0	95.889517
6080.0	95.509692
2287.0	95.943394
4949.0	96.206919
5672.0	95.828397
7472.0	95.848630
5809.0	96.004524
6325.0	95.566976
2216.0	95.898037
6075.0	96.113556
8180.0	96.112581
5175.0	96.178822
7882.0	96.322884
5452.0	95.772263
5032.0	96.078043
7795.0	96.156091
6366.0	96.408648
8243.0	96.091632
6599.0	96.307464
8252.0	95.934220
4090.0	96.011521
8705.0	96.282422
8008.0	96.267412
13281.0	95.760876
8949.0	95.655427
8481.0	95.329247
4305.0	95.713605
10870.0	96.247359
9305.0	96.175282
10340.0	96.413577
9398.0	96.350926
10832.0	95.751967
4879.0	95.836061
9745.0	96.179022
11445.0	96.222729
10669.0	96.607872
9200.0	96.579090
7977.0	95.742921
4446.0	96.062467
14094.0	96.817720
8691.0	96.887728
11824.0	96.789976
11163.0	96.579254
10172.0	96.051372
4113.0	96.468654
10651.0	97.056477
8510.0	97.137247
32767.0	97.611153
7333.0	96.818559
9016.0	95.999393
2103.0	96.110385
7480.0	97.121402
9175.0	97.028416
7931.0	97.211709
8532.0	97.077166
8556.0	95.998183
2553.0	96.274293
9992.0	97.457673
8821.0	97.073580
12135.0	97.206575
8222.0	97.342642
10218.0	96.188005
2702.0	96.228890
9604.0	97.407842
8581.0	97.333802
8407.0	97.298330
9224.0	97.326498
8526.0	96.237804
4450.0	96.485432
12494.0	97.657186
9416.0	97.574436
8799.0	97.803953
10742.0	97.672624
8038.0	96.340118
2295.0	96.478856
9106.0	97.781664
9200.0	98.042159
15047.0	97.342065
10826.0	97.629624
12318.0	95.933883
5485.0	96.239616
13488.0	97.888688
13147.0	98.163735
13036.0	97.878688
11937.0	98.097036
13590.0	96.024224
1699.0	96.111079
12677.0	98.122484
13178.0	98.017516
12742.0	98.177217
13028.0	98.186010
12484.0	96.155383
1562.0	96.198352
12934.0	98.357777
12823.0	98.479524
17139.0	97.995204
11978.0	97.780562
11793.0	95.772245
3499.0	96.081544
10584.0	98.049006
11071.0	97.476205
9590.0	97.678662
10388.0	97.255183
11343.0	95.872132
3251.0	96.148446
11136.0	97.936069
10158.0	97.638893
34762.0	98.121441
4987.0	96.964483
5269.0	95.914458
4218.0	96.352717
8208.0	97.294324
5789.0	97.246580
7469.0	97.030538
7328.0	97.022352
6184.0	96.133256
2239.0	96.422024
8897.0	97.448820
6964.0	97.304538
8335.0	97.571007
8119.0	97.137651
9015.0	95.822103
2789.0	96.083097
8054.0	97.172065
7768.0	96.386117
7482.0	96.432326
7214.0	95.620535
6485.0	94.058692
2731.0	94.941759
6512.0	95.300382
6029.0	95.017221
6573.0	94.649836
5629.0	94.874148
5627.0	94.806690
2641.0	95.236291
5993.0	95.682147
4670.0	95.694397
6511.0	95.551099
4466.0	95.716548
3592.0	95.050406
3565.0	95.363937
5333.0	95.324763
2946.0	95.408789
3868.0	95.362836
4614.0	95.239789
2557.0	95.126252
1718.0	95.273894
4971.0	95.757930
4341.0	95.391537
4766.0	95.489925
4031.0	95.480885
3955.0	95.300920
1539.0	95.575114
4986.0	95.832392
2580.0	95.496848
3631.0	95.839481
4943.0	95.500646
2997.0	95.231645
2526.0	95.623389
3326.0	95.961188
3734.0	95.820806
2946.0	96.068003
3801.0	95.920760
3181.0	95.647798
1352.0	95.844687
3509.0	95.961464
3446.0	95.899246
25790.0	96.192459
3403.0	95.414286
3717.0	95.144362
3166.0	95.585940
4355.0	95.639666
5197.0	95.429957
5666.0	95.504099
5579.0	95.559106
4903.0	95.333330
2178.0	95.779038
5303.0	95.911801
5297.0	95.974989
6202.0	96.055985
5375.0	95.732158
4982.0	94.986398
2323.0	95.545594
5741.0	96.039238
6135.0	95.804283
7178.0	95.484120
6419.0	95.294055
5899.0	95.031842
2395.0	95.550068
7809.0	96.050450
7133.0	95.907129
6712.0	95.646434
6117.0	95.805019
6926.0	94.819243
2834.0	95.484912
8339.0	96.400019
7807.0	95.911022
7121.0	95.917345
8003.0	96.062827
6828.0	95.626301
2366.0	96.027144
7842.0	96.485328
6587.0	96.467143
12565.0	95.748981
6607.0	95.999472
7580.0	95.603921
4290.0	96.163146
6879.0	96.797441
7370.0	96.546947
7469.0	96.398952
7496.0	96.496437
7581.0	95.468108
2493.0	95.773679
8643.0	96.439774
9187.0	96.424618
7366.0	95.994539
7020.0	95.713813
7074.0	95.374968
2066.0	95.730552
9123.0	96.302559
9014.0	96.614058
8380.0	95.937956
9792.0	96.058631
12077.0	92.173255
5718.0	93.817877
14338.0	90.368988
15722.0	89.217669
48476.0	95.984536
13582.0	90.906751
15522.0	89.797724
1266.0	90.003067
15322.0	93.709101
15331.0	94.740645
14474.0	95.230105
14104.0	96.255169
17052.0	92.376101
3112.0	92.950008
17346.0	99.402753
14573.0	99.066469
12754.0	96.578440
6677.0	92.609509
7207.0	83.035461
791.0	83.726551
8682.0	91.167107
12538.0	94.769637
15932.0	96.475076
20505.0	97.751227
18670.0	93.422415
3596.0	93.880386
19582.0	96.362544
17714.0	95.562484
15765.0	94.586218
14477.0	93.609686
13659.0	87.736088
1688.0	88.572966
15121.0	92.200715
13197.0	91.183952
14241.0	90.590444
13219.0	91.387413
14258.0	87.113286
2453.0	88.005151
18051.0	93.219142
17878.0	93.204101
15892.0	92.741221
14864.0	91.733752
15050.0	87.293015
1812.0	88.184049
16829.0	92.739467
15455.0	93.010329
15246.0	92.554251
13821.0	91.709606
12906.0	85.885200
1563.0	86.789923
17284.0	94.205848
16162.0	94.153599
15280.0	93.621119
15014.0	93.456400
15017.0	89.621053
2012.0	90.306499
19405.0	95.854127
18216.0	96.406115
15882.0	95.120515
14311.0	94.730444
12332.0	88.939811
1686.0	89.855234
14432.0	94.904352
13451.0	95.747371
20556.0	97.850625
10076.0	95.576486
9214.0	92.859616
2291.0	93.810300
13485.0	97.728019
14721.0	98.124897
16289.0	98.983424
16116.0	98.855790
13448.0	91.826643
2141.0	92.618138
13387.0	97.521793
14423.0	97.120058
13157.0	96.380566
13126.0	95.301428
11649.0	88.805993
2131.0	90.102218
12117.0	95.100471
10284.0	93.905731
10503.0	93.675271
10967.0	94.404506
11457.0	89.499843
2782.0	91.052624
12141.0	96.412023
13290.0	96.589448
14461.0	97.309297
13022.0	96.020745
13179.0	89.971465
3849.0	91.570132
16226.0	96.150936
14782.0	95.643516
16973.0	95.370348
15164.0	95.112431
14569.0	90.075866
2657.0	90.922928
15240.0	94.831687
14497.0	94.830511
13611.0	94.139166
12120.0	93.364793
11534.0	89.018837
2989.0	90.544804
14561.0	94.599206
13647.0	95.342745
12670.0	94.173322
13734.0	94.937715
13997.0	89.777935
2343.0	90.879269
13588.0	94.365893
13783.0	93.357052
13044.0	93.089622
13172.0	93.280258
13399.0	89.648625
3081.0	91.198179
16159.0	93.935889
14649.0	93.671749
14343.0	93.932302
13519.0	93.336629
13298.0	88.817100
1949.0	89.906586
12265.0	92.155999
11826.0	92.604649
33010.0	100.000000
10575.0	93.687621
10930.0	87.093898
1975.0	88.687379
11151.0	94.486056
11974.0	93.755633
10716.0	93.761025
10571.0	93.592352
10529.0	86.565885
2497.0	88.514660
10581.0	91.883216
10990.0	91.409901
10487.0	90.039752
12243.0	90.015840
14446.0	84.231329
3863.0	87.093845
15802.0	91.875852
16114.0	90.895079
16846.0	91.181324
17032.0	91.844116
17289.0	83.680692
2805.0	85.706858
17742.0	92.252991
17985.0	92.810178
18551.0	92.317645
18072.0	90.744624
18769.0	82.254683
3169.0	84.467225
21430.0	93.767506
19240.0	91.585868
17335.0	88.672679
16596.0	86.212396
15826.0	73.183745
2143.0	75.942281
18026.0	85.970566
17223.0	84.901837
17057.0	82.960712
16300.0	82.304387
16539.0	72.944670
3389.0	76.955153
20000.0	88.168708
19148.0	83.948532
16110.0	83.925600
13855.0	79.819364
13039.0	63.344531
2221.0	67.822695
14927.0	84.631457
17309.0	81.488495
14155.0	79.837970
15624.0	81.732533
14746.0	64.710658
1973.0	67.694131
21043.0	88.655308
19119.0	86.443302
17298.0	79.715257
11627.0	67.235031
10356.0	46.982344
1649.0	50.710190
15873.0	75.501135
18430.0	75.745418
20600.0	84.785854
10603.0	67.214321
7887.0	58.425229
1592.0	63.076978
10900.0	74.013318
10776.0	77.079144
11182.0	79.523958
10530.0	79.623420
10907.0	75.522195
3132.0	80.769385
11603.0	83.465781
11817.0	83.991432
11443.0	84.164701
11694.0	84.120286
11230.0	80.906625
2097.0	83.271122
11383.0	84.950365
10775.0	85.470892
10460.0	84.650646
9542.0	85.308668
9451.0	81.499827
3437.0	85.201122
9698.0	86.192710
8653.0	85.471850
8047.0	85.579655
8942.0	85.638175
7888.0	85.468156
3495.0	88.273496
7829.0	89.211295
7718.0	88.841158
7222.0	89.154591
5742.0	89.050294
5294.0	90.103069
2037.0	91.087085
6343.0	91.074543
6020.0	90.869913
5101.0	91.592379
5378.0	91.499733
5243.0	90.490741
1366.0	91.327693
5651.0	92.299587
4630.0	91.178678
4732.0	91.409532
4482.0	91.670080
4957.0	90.923736
1094.0	91.314878
5505.0	91.316754
4841.0	91.202217
5595.0	91.217878
4811.0	91.416197
5366.0	90.821580
1282.0	91.462215
6390.0	91.730483
4785.0	91.397751
5466.0	90.955361
5168.0	90.628192
4727.0	90.405034
1587.0	91.254909
5671.0	90.986677
5453.0	90.581762
19454.0	92.291278
3471.0	89.675590
4047.0	88.156901
1776.0	90.186298
4598.0	90.719005
5065.0	90.389828
5015.0	90.634458
5392.0	90.403710
4641.0	89.369334
1706.0	90.634624
5401.0	90.523938
5523.0	90.324950
4919.0	90.762469
5812.0	90.363799
5279.0	88.699648
1811.0	90.233249
5723.0	90.746266
6036.0	90.095626
5768.0	90.157493
5958.0	89.595470
5927.0	88.128825
2090.0	90.047748
6159.0	90.801679
6142.0	89.872514
6209.0	89.759838
6300.0	89.609740
5944.0	87.879423
1641.0	89.536243
6848.0	90.390969
6283.0	89.744231
6601.0	89.612905
6401.0	89.178790
6942.0	87.353512
1458.0	89.030704
7546.0	90.340621
7615.0	89.579316
7084.0	88.651076
6863.0	87.976641
6796.0	85.537888
2109.0	88.171701
8155.0	89.070113
8093.0	88.708317
8395.0	87.459917
7849.0	87.072979
7236.0	83.930223
2606.0	88.021993
7293.0	87.186977
7420.0	86.902667
7160.0	85.819301
7010.0	85.902630
6749.0	83.108168
2355.0	87.348559
7402.0	86.423188
7051.0	87.108074
7155.0	85.838406
6889.0	86.869476
7384.0	84.496012
2578.0	88.045626
7919.0	89.419916
