8893.0	87.501438
3376.0	85.117695
4067.0	85.948827
1052.0	88.753902
3931.0	89.387748
4137.0	89.312965
3918.0	89.595791
3553.0	89.614193
3143.0	88.636216
1033.0	90.652718
3226.0	89.464103
3061.0	90.420610
2502.0	89.342380
2597.0	90.320474
2913.0	90.463541
1364.0	92.394214
5731.0	92.302622
3529.0	92.743952
3331.0	93.498423
3742.0	93.410775
3701.0	93.557698
1873.0	95.001329
3886.0	95.167041
3818.0	94.841648
4150.0	95.261039
3907.0	94.791478
3798.0	94.451833
1673.0	95.712445
4485.0	95.631851
4484.0	95.905658
3871.0	95.555690
4157.0	95.221751
3771.0	95.391920
4786.0	96.315962
6218.0	95.266061
4778.0	95.712724
6730.0	95.905074
5168.0	95.396362
5973.0	95.315820
2539.0	96.488424
5324.0	96.070266
6957.0	96.230704
7440.0	96.129620
7266.0	95.955880
5793.0	95.744105
3334.0	96.778073
7802.0	96.220974
6531.0	95.974110
6513.0	96.047294
6405.0	95.857500
6991.0	95.452418
3264.0	96.434016
6975.0	96.096796
7242.0	96.056252
6755.0	95.871857
8139.0	96.298117
7171.0	95.812174
3401.0	96.432462
7392.0	96.414993
7908.0	96.323734
19885.0	97.210942
6442.0	96.594233
6110.0	95.734091
2580.0	96.366748
6402.0	96.713009
5455.0	96.817154
6074.0	95.662238
4922.0	95.799676
4405.0	95.248116
2382.0	95.489894
4168.0	95.766334
5248.0	95.650868
4511.0	95.803470
3795.0	95.935530
6066.0	95.530253
2273.0	95.806779
3646.0	96.102040
5620.0	96.001567
7575.0	95.868656
5864.0	96.111912
6313.0	95.582768
2174.0	96.027600
5933.0	96.032682
6209.0	95.691264
4091.0	96.089566
6198.0	95.766885
5110.0	95.800180
3447.0	95.942064
7830.0	96.224348
6681.0	96.463700
8408.0	96.246539
6566.0	96.332650
8244.0	95.867880
4154.0	95.999364
6433.0	96.324186
7934.0	96.241906
12211.0	95.070288
9250.0	95.599214
8007.0	95.165636
3645.0	95.615940
11021.0	96.339548
7312.0	95.828559
8206.0	95.896725
7614.0	95.628975
8279.0	95.067984
3434.0	95.588357
10230.0	96.294468
8871.0	95.693800
8482.0	96.285527
9581.0	96.497310
8033.0	95.682127
3763.0	96.103521
10893.0	96.416138
8899.0	96.830181
11940.0	96.836609
9656.0	96.445521
8740.0	95.666246
2976.0	95.893836
10727.0	96.944556
8576.0	97.161025
32767.0	97.611153
7333.0	96.818559
8387.0	95.979620
2671.0	96.285010
7622.0	97.170529
9183.0	97.021842
7877.0	97.091395
8483.0	97.104097
8635.0	96.005603
2605.0	96.188495
8491.0	97.222730
9022.0	97.145400
11959.0	97.196523
8066.0	97.303624
9901.0	96.143844
3083.0	96.256645
8216.0	97.343466
8790.0	97.210018
8511.0	97.203225
9252.0	97.324496
8541.0	96.331998
2879.0	96.412618
11135.0	97.533162
8408.0	97.441857
8333.0	97.679058
10906.0	97.679143
7731.0	96.217709
3522.0	96.499415
9122.0	97.702948
7969.0	97.825513
15000.0	97.357987
10935.0	97.598945
12267.0	96.010384
1285.0	96.170067
12971.0	97.804581
11546.0	98.166163
12793.0	97.752966
12191.0	97.950452
12857.0	95.852806
2699.0	96.027812
12499.0	98.040090
12235.0	97.983246
10742.0	97.837540
10894.0	97.645116
10694.0	95.954903
3409.0	96.216968
13436.0	98.406638
10784.0	98.020204
10411.0	97.772823
8474.0	97.413646
10252.0	95.724187
4258.0	96.057205
10287.0	97.950753
11050.0	97.577169
9658.0	97.660790
10410.0	97.404948
11307.0	95.802214
1354.0	95.951537
9382.0	97.720022
10258.0	97.671528
34762.0	98.121441
4987.0	96.964483
4379.0	95.922361
3944.0	96.262391
7623.0	97.213143
5536.0	97.176477
7647.0	96.982350
7402.0	97.063354
6092.0	96.173846
2048.0	96.417106
8592.0	97.197590
6482.0	97.110667
6549.0	97.164179
5988.0	96.099430
7476.0	95.466140
3742.0	95.932502
7293.0	96.526388
6546.0	96.020428
6543.0	96.698410
6382.0	95.838354
5870.0	94.133850
4571.0	95.148390
6665.0	95.045478
5733.0	94.993070
6277.0	94.486676
5165.0	95.286111
5416.0	94.624782
2663.0	95.243991
5626.0	95.776406
4789.0	95.689154
5836.0	95.246417
4714.0	95.376321
3596.0	95.123315
1023.0	95.334809
5449.0	95.345070
3193.0	95.579722
3936.0	95.426953
4671.0	95.181554
2576.0	95.081200
2248.0	95.343493
4334.0	95.636080
3705.0	95.586074
4858.0	95.502009
3822.0	95.456105
4129.0	95.274992
1913.0	95.405768
5005.0	95.570428
2569.0	95.543366
3648.0	95.986042
4067.0	95.295661
3575.0	95.118011
2659.0	95.674477
3413.0	95.965866
3739.0	95.671197
1754.0	95.473198
3852.0	95.895218
3179.0	95.785462
1824.0	96.097086
3532.0	95.990897
2607.0	95.891291
21801.0	95.833106
3463.0	95.087678
3729.0	95.102394
1562.0	95.295018
4595.0	95.535052
5220.0	95.544442
5172.0	95.626110
5024.0	95.522570
4642.0	94.943306
3453.0	95.620012
5094.0	95.697565
5062.0	95.908957
5648.0	95.668842
5718.0	95.813557
4885.0	95.125342
2334.0	95.577888
5838.0	95.832376
5809.0	95.550934
7275.0	95.578943
6556.0	95.328742
5702.0	95.026145
2722.0	95.547506
6092.0	95.780606
6741.0	95.832358
6810.0	95.639971
6224.0	95.791244
6820.0	94.978539
2916.0	95.600677
6568.0	95.684776
7833.0	95.972608
7233.0	95.870187
7937.0	96.047161
6208.0	95.371593
3607.0	96.015453
7588.0	96.395988
6658.0	96.567653
11833.0	95.788677
6838.0	95.844871
7426.0	95.656304
2935.0	96.050036
6928.0	96.771452
7245.0	96.535559
7376.0	96.332125
7587.0	96.520589
7579.0	95.372585
2455.0	95.857231
6919.0	96.129469
7576.0	95.883959
7497.0	96.019849
7001.0	95.783572
7087.0	95.183867
2215.0	95.793010
7274.0	95.746691
7410.0	96.067799
8348.0	95.736259
9210.0	96.089773
11217.0	91.821335
5632.0	93.518174
13285.0	89.364006
13949.0	87.514411
46334.0	95.876605
13490.0	90.857194
13818.0	88.457980
1209.0	88.933332
13732.0	92.433334
13241.0	93.197548
13640.0	94.430429
13116.0	96.070530
17328.0	92.396793
2860.0	93.079485
15908.0	98.867068
13685.0	98.320182
12647.0	96.326609
6532.0	92.458334
7068.0	83.123697
761.0	83.653918
8684.0	91.223068
10640.0	93.055350
13864.0	94.765955
16627.0	96.184106
15620.0	91.822734
2820.0	92.421694
17861.0	95.117389
15091.0	93.853043
14646.0	93.581629
13057.0	92.122481
11942.0	86.063860
1189.0	86.783471
13739.0	90.682244
14016.0	91.228960
14591.0	90.574982
13499.0	90.947264
13690.0	86.015967
2002.0	86.635136
17345.0	92.780819
16173.0	91.997848
15442.0	91.569280
13081.0	90.217236
10637.0	82.026020
1072.0	83.029928
14263.0	89.516122
16246.0	92.497198
15023.0	92.308894
15619.0	92.688448
14657.0	87.485471
1603.0	88.045678
19221.0	95.323716
17872.0	95.360969
16619.0	94.832160
15754.0	93.960253
12602.0	88.559012
1096.0	89.102850
16294.0	94.232112
17047.0	95.526529
13986.0	93.761226
14531.0	94.909867
13471.0	89.761285
1426.0	90.258893
12522.0	93.735660
12787.0	94.699112
20556.0	97.850625
8328.0	94.276319
7546.0	90.951430
2256.0	92.918389
10888.0	96.101428
12617.0	96.974881
13896.0	97.341752
14044.0	97.319163
12373.0	90.923776
1886.0	91.857733
12266.0	96.791726
12924.0	96.016489
11966.0	95.455482
12637.0	94.886259
11681.0	88.934725
1876.0	89.955657
12657.0	95.028941
11380.0	94.833912
10841.0	94.350935
10460.0	94.120343
10684.0	88.898572
2475.0	90.382530
13260.0	96.973608
13244.0	96.711959
12868.0	96.584497
12747.0	95.775162
13177.0	89.875878
2272.0	90.914123
14696.0	95.616320
13277.0	94.638026
14986.0	94.151140
14030.0	93.772778
12895.0	88.604011
2644.0	89.876917
14787.0	94.502503
13820.0	94.430774
11405.0	92.691449
11358.0	92.400767
10967.0	88.595091
1887.0	89.674457
11648.0	92.591906
11569.0	93.363040
10955.0	92.398722
10942.0	92.815629
12384.0	88.178020
2520.0	89.838106
14382.0	94.069537
13280.0	92.754797
11840.0	92.023227
12488.0	92.512466
12438.0	88.955990
2401.0	90.144569
13618.0	92.517502
13154.0	92.372104
13003.0	92.291363
12359.0	91.682030
12127.0	87.419978
2081.0	88.751479
13012.0	92.734637
11418.0	91.977877
31061.0	100.000000
10496.0	93.681080
10589.0	86.954299
2116.0	88.588186
10939.0	94.105612
10548.0	92.084205
9505.0	91.877207
9325.0	91.959270
10505.0	86.275491
2604.0	88.113258
11874.0	93.077586
10594.0	91.143463
11368.0	91.025755
11838.0	89.841663
13951.0	83.841031
2085.0	85.625639
15857.0	91.978930
14846.0	89.616281
15407.0	89.442567
15346.0	89.616475
15687.0	81.964604
1803.0	83.263072
17500.0	91.730343
15965.0	90.528435
16732.0	89.875883
16558.0	88.711990
15659.0	78.395077
1972.0	80.232722
18615.0	90.023887
17919.0	89.389059
16795.0	87.774035
15031.0	83.106688
14799.0	70.707480
1684.0	72.768057
16560.0	83.538910
16764.0	84.650980
17103.0	82.871941
16198.0	82.169958
14539.0	69.148860
2493.0	72.353162
19747.0	87.524441
18147.0	82.496332
15249.0	81.711316
13752.0	79.910896
12937.0	62.158989
1986.0	66.065671
17635.0	89.723129
17100.0	81.465005
13570.0	78.719243
13136.0	75.420574
10488.0	53.280839
1865.0	57.960095
19504.0	85.590994
20443.0	88.806298
17331.0	80.307641
12675.0	71.066103
10337.0	46.738138
1650.0	51.031004
17016.0	77.870754
17013.0	74.011937
18188.0	80.995700
9617.0	63.323941
6929.0	54.077773
2094.0	61.964330
10024.0	72.772325
10864.0	77.236331
11672.0	80.379106
11476.0	80.526848
10798.0	75.809179
2501.0	80.255844
11415.0	83.447273
11159.0	82.532210
10632.0	82.702251
11210.0	82.938228
10699.0	79.342409
2695.0	83.084879
10891.0	84.185158
10262.0	84.390372
10168.0	84.236408
9266.0	84.410429
9818.0	81.971267
2109.0	84.051752
9087.0	85.239215
8723.0	85.672062
8331.0	85.809590
8789.0	85.445566
7307.0	84.689532
3752.0	87.802127
7515.0	88.635351
7200.0	88.203594
6597.0	88.749701
5647.0	89.012983
4527.0	89.216326
2853.0	90.921234
5921.0	90.382621
5073.0	89.788270
4369.0	90.359476
4569.0	90.369904
4627.0	89.716097
3386.0	91.471718
4558.0	91.414528
5063.0	91.244990
4926.0	91.128745
4795.0	91.248168
4043.0	90.021105
2990.0	91.745335
4945.0	91.215799
4873.0	91.296549
4703.0	90.311222
4190.0	90.603163
4629.0	90.032478
1244.0	90.977450
5083.0	90.612010
4714.0	90.934992
4781.0	90.057197
4988.0	90.083954
4492.0	89.775723
1540.0	90.829556
5017.0	90.120817
5194.0	90.133899
18532.0	91.922286
2881.0	88.444542
4065.0	87.997334
1426.0	89.595674
4658.0	90.676639
5148.0	90.248570
4996.0	90.580008
4591.0	89.452032
4759.0	89.428435
1413.0	90.574561
5602.0	90.547089
5232.0	89.840066
4361.0	90.090638
5169.0	89.341163
4737.0	87.606760
2216.0	90.040287
5335.0	89.995295
5381.0	89.034610
5200.0	89.406796
5740.0	88.598777
5776.0	87.839088
1339.0	89.351908
6319.0	90.459729
5977.0	89.456591
6075.0	89.545138
5608.0	88.549573
5545.0	86.764957
1721.0	89.206816
6296.0	89.487363
6207.0	89.387139
6628.0	89.279656
6390.0	88.741414
6480.0	86.452415
1868.0	88.884911
6883.0	88.895421
6922.0	87.860877
6851.0	87.797651
6827.0	87.467567
6977.0	85.173930
1556.0	87.253760
7661.0	88.003486
7313.0	87.036800
7545.0	85.193448
7268.0	85.375478
6907.0	83.447994
1902.0	86.511577
7400.0	86.911385
6857.0	85.450415
7058.0	85.809543
6909.0	86.122676
6694.0	83.466678
1648.0	86.358007
7038.0	85.597550
6583.0	85.277606
6850.0	85.359665
6502.0	85.920625
6654.0	82.831814
2382.0	87.005790
7400.0	87.705123
