7499.0	83.160966
2484.0	79.423665
2997.0	80.957174
826.0	84.542578
3214.0	86.165247
3309.0	85.852472
3171.0	86.762086
2910.0	86.950479
2609.0	86.678818
730.0	88.355024
2762.0	88.021692
2467.0	88.207578
2174.0	87.238535
1782.0	86.533140
2162.0	87.555523
1059.0	90.034132
2520.0	90.270636
2325.0	91.198467
2260.0	91.697298
2185.0	90.869384
2213.0	91.227051
2139.0	92.588538
2513.0	92.897293
2448.0	92.509756
3388.0	93.515679
2658.0	93.099497
2455.0	92.428666
3496.0	94.803471
3223.0	94.500858
3514.0	94.557913
2897.0	94.179283
3340.0	94.055152
2939.0	93.918919
1978.0	95.978808
3094.0	94.838292
2848.0	95.163682
3244.0	95.079085
3143.0	94.905611
3289.0	94.765563
2170.0	95.944210
3620.0	95.886998
3750.0	95.343472
4079.0	95.443156
3533.0	95.029014
3441.0	94.374759
2114.0	96.039146
4022.0	94.730923
3732.0	94.702840
3937.0	95.183654
4025.0	94.850516
4519.0	95.162159
3119.0	95.815501
4268.0	95.338031
4700.0	95.391095
4394.0	95.241303
5050.0	95.528059
4427.0	94.850493
5448.0	95.636518
5330.0	95.629282
4953.0	95.730678
15643.0	96.624692
3954.0	95.906938
3832.0	94.813641
2072.0	96.085209
4374.0	96.723151
3178.0	96.655216
2099.0	94.671830
2056.0	94.777650
1787.0	94.258334
4551.0	94.822098
3050.0	95.455150
4443.0	95.281940
2951.0	95.025345
3461.0	95.576233
4306.0	95.023121
933.0	95.448688
3052.0	95.548214
4490.0	95.622284
5494.0	95.372506
4641.0	95.574385
4489.0	95.259027
1050.0	95.523757
4112.0	95.495577
4703.0	95.620448
3370.0	95.696719
4885.0	95.538329
3908.0	95.299426
591.0	95.287488
5405.0	95.565013
4715.0	95.631381
5631.0	95.467377
4546.0	95.540614
4945.0	95.466204
3062.0	95.726857
4638.0	95.604813
5391.0	95.690319
10432.0	94.845027
6701.0	95.292020
6042.0	94.869672
774.0	94.878506
7443.0	95.458384
6547.0	95.328987
6343.0	95.651347
6020.0	95.470848
6531.0	94.690750
875.0	94.800394
7255.0	95.686066
7098.0	95.217517
6899.0	95.826887
7622.0	96.221411
6683.0	95.356762
923.0	95.545575
8749.0	96.101462
7444.0	96.456224
9557.0	96.396901
8135.0	95.823231
7287.0	95.262959
2514.0	95.801546
8794.0	96.791672
7009.0	96.822489
28024.0	97.543167
4497.0	96.328277
4923.0	95.047865
991.0	95.089690
5985.0	96.586871
8387.0	96.727449
6852.0	97.040938
7134.0	96.777463
6554.0	95.440571
2704.0	95.924711
7299.0	96.791195
7671.0	96.754461
6199.0	96.322949
4985.0	96.685036
5605.0	95.555585
3189.0	95.841964
7926.0	96.891304
7404.0	96.908207
7137.0	96.833276
7779.0	97.119309
6987.0	96.002204
2413.0	96.236388
9076.0	97.197131
6917.0	97.102097
6111.0	97.284176
7912.0	96.974654
6242.0	95.946378
3602.0	96.305914
6487.0	97.224813
6657.0	97.435331
9071.0	96.933081
6015.0	97.166994
7111.0	95.416364
1524.0	95.494336
6830.0	97.060444
6876.0	97.538407
6864.0	97.062569
6562.0	97.084908
6719.0	95.117622
1031.0	95.340822
7549.0	97.442420
6726.0	97.127848
6625.0	97.284624
6589.0	97.125911
6502.0	95.449303
1009.0	95.604147
6488.0	97.472768
6383.0	97.677944
8225.0	97.362770
6954.0	97.075995
5180.0	94.673170
2886.0	95.352822
6015.0	97.329653
6309.0	97.020121
5654.0	97.275255
4711.0	96.573296
4998.0	95.165275
2626.0	95.735871
5135.0	97.092253
5090.0	96.822120
22400.0	97.754045
3433.0	96.358158
3439.0	95.317722
1666.0	95.847857
4847.0	96.790395
4187.0	96.614955
4869.0	96.567776
4472.0	95.918319
4282.0	95.028919
1945.0	95.797610
5761.0	96.667344
4929.0	96.561494
5447.0	96.686689
5167.0	95.362234
5903.0	94.304553
1938.0	95.475139
5529.0	95.888476
5460.0	95.199602
4858.0	95.161251
5151.0	93.709164
4793.0	92.819091
2160.0	93.952832
4941.0	93.767757
4330.0	93.185305
4293.0	93.126762
4009.0	93.835753
3874.0	93.633770
4984.0	94.517297
3948.0	95.206212
3427.0	94.693596
4161.0	94.873668
3272.0	94.779955
2547.0	94.268775
3670.0	94.622092
4568.0	94.682881
2677.0	95.008192
3361.0	94.307611
3890.0	94.727637
2242.0	94.309780
1189.0	94.707294
4134.0	95.372386
3647.0	95.065381
4064.0	94.912641
3418.0	95.097931
3311.0	94.923568
990.0	95.182780
4193.0	95.224086
2203.0	94.850279
2616.0	95.546279
3981.0	95.065300
2448.0	94.783642
557.0	94.849483
2375.0	95.313093
3010.0	95.109354
1764.0	94.991812
3179.0	95.227938
2598.0	95.258995
302.0	95.260850
2255.0	95.194254
2412.0	95.365219
14873.0	95.536952
3057.0	94.642000
3091.0	94.488858
1168.0	94.780121
3683.0	95.063642
4203.0	95.060449
4744.0	95.108424
4589.0	95.102214
4196.0	94.789445
620.0	94.840336
4505.0	95.519171
4563.0	95.559077
5020.0	95.566019
4594.0	95.216234
3918.0	94.687290
526.0	94.820306
4064.0	95.175813
5122.0	95.131528
5966.0	95.139192
5295.0	95.048305
4709.0	94.537911
594.0	94.653790
5448.0	95.451542
5337.0	95.482485
5457.0	95.008164
4932.0	95.468819
5516.0	94.775942
657.0	94.884452
6167.0	95.593623
6290.0	95.652147
5826.0	95.304448
6402.0	95.729111
5652.0	95.164049
703.0	95.237082
6971.0	96.003930
5329.0	96.210002
10826.0	95.454859
5549.0	95.454844
6213.0	95.210142
1336.0	95.565125
5480.0	96.588981
5819.0	96.302264
5903.0	95.962454
6113.0	95.870927
6037.0	95.201582
600.0	95.255009
6510.0	95.877274
6205.0	95.546710
6336.0	95.731881
5678.0	95.509960
5875.0	95.026590
578.0	95.069216
6598.0	95.789535
6191.0	96.056365
6747.0	95.763852
8154.0	95.706058
10385.0	91.653624
4470.0	93.077536
11447.0	87.977602
11961.0	85.902112
42770.0	95.205111
11233.0	88.845893
12985.0	88.019138
1111.0	88.397690
11883.0	91.157073
11679.0	92.244263
11574.0	93.326010
10273.0	93.714776
11165.0	89.429557
1793.0	90.096374
12512.0	96.717516
9964.0	95.804502
8336.0	91.071605
3753.0	84.630807
3435.0	70.571022
689.0	72.982199
3512.0	76.034579
3850.0	76.334039
4814.0	77.450330
6817.0	82.166407
7033.0	80.595277
1208.0	81.708752
14493.0	90.192950
15904.0	92.521982
14175.0	92.318360
14082.0	91.716782
12029.0	86.124810
1620.0	87.006071
13212.0	90.243962
11352.0	88.509834
7860.0	80.339114
6117.0	77.258507
5727.0	70.448958
798.0	71.790354
8532.0	79.626816
11803.0	84.999897
12381.0	86.565161
14866.0	89.877716
13064.0	84.421919
2009.0	85.644775
14789.0	90.518306
12411.0	89.881536
10062.0	86.374027
8447.0	82.793989
5942.0	70.276194
1055.0	73.316834
7508.0	80.537612
8600.0	83.303369
10686.0	87.532122
12890.0	90.179857
13411.0	87.138809
1762.0	88.181639
17349.0	94.546539
12543.0	92.555508
10692.0	90.026766
8415.0	86.924416
6895.0	79.604658
1116.0	81.351677
7435.0	86.652681
6887.0	86.891970
14788.0	95.499172
7633.0	93.381881
7104.0	90.566177
1895.0	92.091772
9763.0	95.448596
11937.0	96.474004
11609.0	95.897428
9886.0	93.558494
9857.0	88.204858
2248.0	90.231122
10185.0	94.673214
10204.0	93.019971
9712.0	92.637882
9006.0	90.084852
8022.0	83.082743
1765.0	85.515486
8500.0	89.404097
8017.0	89.625272
7984.0	89.791125
7844.0	89.584476
8039.0	84.561472
2289.0	87.311352
9200.0	92.621810
9084.0	91.695602
9361.0	91.968176
9457.0	91.407649
9108.0	84.336755
2328.0	86.967856
10649.0	91.298401
10396.0	90.928165
11999.0	90.597095
10892.0	90.002065
10001.0	84.590246
2022.0	86.376978
11734.0	90.617625
10607.0	90.362839
10068.0	90.167324
8738.0	88.398604
8437.0	83.705775
2638.0	86.083934
10132.0	90.231281
8809.0	90.256144
9898.0	90.309142
9399.0	90.612253
10087.0	85.248238
2236.0	87.086721
10534.0	90.722995
10749.0	89.851439
9830.0	89.400445
10181.0	89.681550
10056.0	85.807346
2756.0	88.082100
11824.0	90.390946
10632.0	89.690196
10368.0	89.124731
9255.0	87.480140
8582.0	81.710358
2286.0	84.569908
9293.0	86.885235
8670.0	87.063341
25348.0	98.066612
7645.0	88.967555
7879.0	82.088243
1790.0	84.555852
8084.0	89.782842
8894.0	89.055803
8046.0	89.107699
7659.0	88.842695
7821.0	81.255775
1405.0	82.866361
7894.0	87.003213
8372.0	85.578662
8605.0	85.209059
9219.0	84.367360
10619.0	77.841846
1540.0	79.758222
10932.0	84.658090
10946.0	82.950232
10172.0	80.068576
11456.0	82.834567
11214.0	74.308057
1689.0	76.595825
11109.0	81.488112
11217.0	81.647156
11985.0	81.018616
11430.0	78.777944
11552.0	69.484019
1962.0	73.208952
12886.0	80.144421
12435.0	79.847112
12095.0	78.738404
12685.0	78.555723
13553.0	67.669588
2387.0	71.754123
13888.0	78.615116
13219.0	77.576195
13224.0	75.414830
13474.0	76.606135
12541.0	65.844185
1645.0	68.702629
14589.0	78.900641
13528.0	74.748489
10251.0	68.421975
10002.0	68.020648
10239.0	53.609036
2362.0	59.726277
12617.0	78.731687
13394.0	71.466898
10806.0	69.996742
10726.0	67.121329
8782.0	47.401000
1522.0	52.161279
12966.0	71.751800
12844.0	72.699751
11542.0	64.763119
10152.0	61.543507
8626.0	40.724686
1395.0	44.834644
10825.0	62.872774
9748.0	54.683827
15296.0	75.522578
5720.0	45.129029
4198.0	37.212262
944.0	42.667595
5207.0	50.531910
6900.0	63.605892
6844.0	64.459339
6798.0	66.148929
6590.0	61.738587
1543.0	66.288090
7270.0	71.199356
7343.0	71.223259
6720.0	70.230817
7546.0	72.870257
7145.0	69.917280
1550.0	73.778853
7159.0	74.235080
6893.0	75.123310
6611.0	74.630358
6524.0	77.132525
6168.0	72.007794
2522.0	77.529537
6506.0	78.309103
6567.0	79.055342
6096.0	79.442591
6330.0	78.931452
5642.0	79.459287
2951.0	83.509049
5456.0	84.341385
5478.0	83.371261
4331.0	82.940403
4193.0	84.566307
3659.0	85.791072
1246.0	86.655690
4369.0	87.162243
3419.0	85.956165
2864.0	86.523059
3033.0	86.468340
3176.0	86.192357
2556.0	88.478972
3023.0	88.333180
3296.0	88.147384
3276.0	87.499374
2550.0	87.040561
2861.0	85.945886
1618.0	87.839723
3357.0	87.275279
3411.0	87.718778
3257.0	86.602249
2795.0	86.564762
3263.0	86.176451
654.0	86.933926
3941.0	87.437600
3549.0	87.702038
3172.0	86.313834
3533.0	86.166574
3341.0	86.171393
1669.0	87.912467
3643.0	87.107402
3814.0	85.883659
15009.0	88.905275
1699.0	84.159445
2684.0	83.470234
959.0	85.276631
3104.0	86.498280
3574.0	86.340312
3510.0	86.932544
3801.0	86.212822
3325.0	85.695605
1120.0	87.254178
3825.0	86.603949
3888.0	85.842634
3470.0	86.858135
3624.0	85.092064
3800.0	83.930928
1757.0	86.431485
4070.0	86.330948
3953.0	84.859160
3781.0	85.154566
4287.0	84.705774
4312.0	83.542079
554.0	84.413697
4374.0	86.048933
4495.0	84.804945
4561.0	85.339261
4313.0	84.193966
4077.0	82.479923
1189.0	85.123264
4691.0	85.647658
4685.0	85.039955
5032.0	85.434985
4881.0	85.113906
4517.0	80.468415
1580.0	84.522031
5235.0	84.423914
5192.0	82.712967
5078.0	82.261688
5180.0	81.947722
5081.0	80.669209
1685.0	84.181218
6280.0	84.516471
5419.0	81.425645
6030.0	80.624321
5756.0	80.297841
5063.0	77.230901
1663.0	81.845179
5665.0	82.176554
5302.0	80.486936
5531.0	81.142638
5397.0	80.786135
4960.0	78.080243
1271.0	81.777002
5859.0	82.038247
5083.0	80.657225
5313.0	79.741975
5028.0	80.940237
5222.0	77.712523
1795.0	82.655708
5674.0	83.125490
