7099.0	81.048608
2204.0	77.194704
2616.0	77.999254
1038.0	83.757098
2946.0	84.773056
2781.0	83.215000
2597.0	83.321700
2450.0	83.674732
2423.0	84.620121
491.0	85.786206
2349.0	86.052849
2011.0	84.885881
1745.0	84.485339
1735.0	85.627250
2393.0	85.580635
1289.0	89.546770
2072.0	88.464328
1900.0	88.993579
2180.0	90.501563
1960.0	89.480061
1870.0	89.740692
1405.0	92.485931
2168.0	91.497162
2316.0	92.121794
2423.0	92.658604
2420.0	92.910477
2335.0	92.361155
3798.0	93.549444
2984.0	93.457907
2633.0	93.190859
2518.0	93.615333
2868.0	93.141247
2632.0	93.435952
1954.0	95.302083
2914.0	94.441682
2618.0	94.524128
2948.0	94.711247
2781.0	94.021185
2990.0	94.104528
1815.0	95.705407
3076.0	95.487523
3465.0	95.119677
3908.0	95.433486
3315.0	94.786843
3028.0	93.824256
1826.0	95.692512
3661.0	94.597768
3581.0	95.050412
3365.0	94.840226
3696.0	94.890063
3341.0	94.183914
2418.0	95.767677
3751.0	94.658027
3808.0	94.618492
3655.0	94.410797
4402.0	95.025794
3949.0	94.591525
2320.0	95.621429
4175.0	95.241072
4613.0	95.439334
14684.0	96.599678
3800.0	95.824330
3331.0	94.360859
1766.0	95.533954
3342.0	95.939482
2819.0	96.331684
2160.0	94.342892
1875.0	94.141546
1466.0	93.958590
255.0	94.006741
1336.0	94.591889
1534.0	94.559590
1318.0	94.600270
1296.0	94.812078
1598.0	94.274447
4899.0	94.593201
3260.0	95.242586
4142.0	95.141047
2567.0	94.786401
2024.0	95.105338
2572.0	94.420571
3773.0	94.918585
3619.0	95.363729
4334.0	95.164450
3795.0	95.338068
4625.0	95.421496
4196.0	95.286353
574.0	95.290731
4869.0	95.255354
4074.0	95.600934
5150.0	95.259497
4188.0	95.592865
5053.0	95.299377
658.0	95.442249
4290.0	95.659790
5057.0	95.447043
9684.0	94.854175
5957.0	94.875430
5477.0	94.376743
1355.0	94.828269
6723.0	95.392190
6115.0	95.261916
5713.0	95.233398
5558.0	95.112797
5893.0	94.402194
2009.0	94.765781
6478.0	95.302124
7236.0	95.481369
6226.0	95.435956
6917.0	96.134855
5974.0	95.179925
1633.0	95.572656
7900.0	95.655506
6721.0	96.134985
8846.0	96.204262
8206.0	95.866349
5139.0	95.049244
4286.0	95.892181
7891.0	96.542905
4645.0	96.281390
18798.0	97.263172
4106.0	96.111340
4527.0	94.917441
436.0	95.131032
3960.0	96.512800
5126.0	96.432657
4797.0	96.672724
4557.0	96.373069
4552.0	94.968610
760.0	95.169708
5256.0	96.754210
5494.0	96.670087
5697.0	96.321759
5203.0	96.678821
5061.0	95.217835
930.0	95.403818
4930.0	96.534654
5114.0	96.625707
5008.0	96.562226
5261.0	96.769542
5523.0	95.707479
4308.0	95.957936
6445.0	96.808484
5299.0	96.744636
5873.0	97.051576
7115.0	97.097545
5410.0	95.753238
4154.0	96.043393
6618.0	97.156985
5318.0	97.235302
8257.0	96.433677
5532.0	96.828385
6392.0	95.012214
988.0	95.169948
6894.0	97.085707
6244.0	97.095705
7091.0	96.945305
6487.0	96.977986
6628.0	95.165553
1085.0	95.424426
6651.0	97.055063
6769.0	97.137281
6742.0	97.183473
6559.0	97.087276
4772.0	94.917657
3112.0	95.668155
6587.0	97.532780
6444.0	97.590284
5644.0	96.962402
5114.0	96.907532
5163.0	94.647788
2402.0	95.178743
4810.0	97.093938
5067.0	96.635536
4303.0	96.918685
4814.0	96.580429
4532.0	94.671332
2574.0	95.285067
4460.0	96.854683
4507.0	96.791360
19871.0	97.668861
3030.0	96.068899
3057.0	95.243842
1774.0	95.894220
3874.0	96.460093
3417.0	96.376938
4209.0	96.300646
4075.0	96.015896
4535.0	94.784989
1562.0	95.770952
5386.0	96.190087
4845.0	96.274544
4733.0	96.302804
4602.0	95.014946
4926.0	93.814538
2402.0	95.211159
5292.0	95.282939
4813.0	94.613377
4166.0	94.192625
4475.0	93.517330
4107.0	91.174523
2729.0	93.230507
4835.0	93.521039
4076.0	93.429890
4284.0	92.810937
3672.0	93.663798
3590.0	93.557264
1713.0	94.641446
3476.0	94.911037
3047.0	94.789983
3812.0	94.024727
3065.0	94.515053
2724.0	94.243273
4707.0	94.727560
2635.0	94.327583
2818.0	94.689485
4124.0	94.833378
2563.0	94.524937
3164.0	94.441755
1251.0	94.730169
3795.0	95.299235
3193.0	94.899199
4084.0	94.937359
3574.0	95.078728
3454.0	94.813147
985.0	95.191299
2673.0	94.745977
3213.0	94.918410
2068.0	95.258432
3552.0	95.170521
2183.0	94.446798
895.0	94.777628
2222.0	95.024718
3103.0	95.065955
1511.0	95.017903
3304.0	95.123858
2655.0	94.996909
135.0	94.997325
2097.0	95.174606
2163.0	95.264423
12933.0	95.526076
1519.0	94.637053
2030.0	94.102043
2969.0	94.752317
3853.0	94.968342
3761.0	94.714189
4263.0	94.503551
4110.0	94.702066
3822.0	94.338115
1002.0	94.847360
4261.0	95.110943
4322.0	95.459751
5076.0	95.531910
4333.0	94.940796
3593.0	94.470220
1279.0	94.799328
3794.0	95.020093
4777.0	95.166494
5911.0	95.126812
5310.0	94.977773
4711.0	94.655477
608.0	94.782966
4836.0	95.407639
5430.0	95.515780
5528.0	95.334128
4469.0	95.203587
4981.0	94.147822
1309.0	94.471839
5527.0	95.230545
5749.0	95.371548
5298.0	95.303751
5727.0	95.330392
5178.0	94.945987
1134.0	95.165844
6348.0	95.847159
4946.0	95.917629
6111.0	94.878780
3908.0	95.292385
3724.0	95.038134
4103.0	95.602811
5041.0	96.160024
5484.0	96.191772
5275.0	95.651152
5597.0	95.641048
5653.0	94.812247
1185.0	95.069295
5898.0	95.756662
5557.0	95.271801
5801.0	95.358334
5259.0	94.939194
5390.0	94.432878
1045.0	94.823460
6089.0	95.654146
5637.0	95.232690
6214.0	95.076643
7234.0	95.054529
8684.0	90.776555
5051.0	92.575674
10255.0	87.301924
11183.0	84.921506
35523.0	93.839367
10289.0	87.893518
10921.0	86.499304
1587.0	87.160417
11224.0	90.631263
9811.0	90.738420
10539.0	92.087467
10282.0	93.520376
10200.0	88.774316
2121.0	89.534284
14400.0	97.372443
10374.0	96.266172
8206.0	91.198981
3635.0	84.021303
2927.0	68.181458
589.0	69.982515
3489.0	75.504528
3027.0	71.720640
3271.0	69.991322
3854.0	72.515800
4509.0	70.836652
1236.0	73.940100
7033.0	79.395741
10433.0	85.543481
13100.0	89.288941
13447.0	90.326262
13081.0	85.890518
2185.0	86.902297
15301.0	91.266560
10231.0	87.517429
6614.0	77.522342
4622.0	71.391243
3821.0	60.797797
925.0	63.783063
6111.0	71.651666
7531.0	75.483713
8121.0	78.821936
10388.0	82.519909
12588.0	80.964204
2504.0	82.597438
13406.0	88.126407
11587.0	87.973117
10623.0	87.039627
8898.0	83.841055
6115.0	71.040369
1075.0	73.771908
7150.0	80.562116
7367.0	80.973177
7401.0	80.844274
7482.0	80.687554
8450.0	79.524604
2124.0	82.794430
16291.0	92.675379
13898.0	92.850241
11280.0	90.690684
9827.0	89.104610
7352.0	80.508215
1233.0	82.415765
6868.0	85.765263
7318.0	88.334544
13059.0	94.141660
6064.0	90.678475
5970.0	88.704983
2337.0	91.231424
9057.0	94.681078
10317.0	94.989123
9728.0	94.011941
8045.0	91.239652
7242.0	83.343971
2022.0	86.214741
7268.0	88.898483
7945.0	87.585255
6986.0	86.543265
6875.0	84.432818
6328.0	78.149730
2101.0	81.770704
7152.0	85.575166
6584.0	85.579295
6630.0	85.473760
6214.0	85.618640
6408.0	80.086969
2225.0	84.028719
7741.0	89.999601
8323.0	90.205745
8370.0	90.157843
7674.0	87.998749
8606.0	82.916552
3123.0	86.630941
10449.0	90.701391
9766.0	89.676031
9563.0	87.166897
9336.0	87.111357
8908.0	82.341361
2557.0	84.931328
8975.0	86.641810
8766.0	86.792630
7874.0	85.645264
6680.0	83.631991
6881.0	79.798582
3644.0	84.743864
8807.0	87.645838
8172.0	88.919036
7505.0	86.001434
7737.0	86.688728
8815.0	81.945478
2870.0	85.535454
9623.0	88.675286
9239.0	87.312053
8550.0	87.071446
8877.0	87.702324
8943.0	83.970177
2941.0	87.094239
10721.0	88.446442
9736.0	87.298873
9604.0	87.171209
8082.0	85.125403
7833.0	79.643783
2387.0	82.895485
8412.0	85.143231
7117.0	83.871559
23088.0	96.997759
6934.0	87.164250
6991.0	79.760986
1970.0	82.765648
7109.0	87.350261
7073.0	85.001924
6507.0	85.138212
6240.0	84.591037
6843.0	78.580658
1916.0	81.555073
7295.0	85.198887
6563.0	81.908675
6907.0	80.865425
8387.0	81.088644
8645.0	72.797529
1765.0	76.087749
9963.0	81.939947
8712.0	77.036836
9228.0	76.441345
9396.0	77.313653
9105.0	67.893058
2783.0	74.219092
10746.0	80.587029
9832.0	77.871600
10969.0	78.690170
11415.0	79.562175
11874.0	70.960196
2360.0	75.075559
13066.0	81.828093
12264.0	79.889812
12069.0	78.979385
12418.0	77.964387
11219.0	62.048955
2188.0	67.918279
12369.0	76.325947
11918.0	74.721274
10954.0	68.769913
11203.0	70.756586
9772.0	58.134002
2431.0	63.633979
11051.0	70.090055
9945.0	62.934594
8421.0	60.156208
8319.0	60.231863
8516.0	46.520315
1438.0	51.455536
9825.0	68.899280
11056.0	65.326029
9199.0	63.137254
10286.0	65.402738
9284.0	48.087715
1983.0	53.877811
13263.0	72.598353
10365.0	64.123469
9897.0	59.787688
8419.0	54.876542
7789.0	35.911835
1446.0	40.585858
9387.0	57.120860
8298.0	50.191594
13629.0	71.877593
4943.0	39.855952
4175.0	37.143278
996.0	42.997806
5199.0	50.855391
5254.0	54.324993
5966.0	59.539045
6628.0	64.916322
6183.0	61.068572
2287.0	68.680689
7550.0	72.248067
7197.0	70.531562
6774.0	71.275496
6772.0	70.931670
6575.0	67.667514
1418.0	71.700693
6729.0	72.509362
6135.0	72.471117
6135.0	73.482857
4832.0	69.983018
5193.0	67.237549
2429.0	73.845477
6124.0	76.713691
5667.0	76.699596
5379.0	77.380856
5477.0	76.573577
5005.0	77.408335
2581.0	81.114295
4319.0	80.932525
4696.0	80.264042
3773.0	80.760467
3490.0	81.472059
3104.0	83.128269
1972.0	85.134143
2814.0	83.760957
3010.0	83.407946
2329.0	84.090333
2535.0	83.851458
2606.0	83.555607
1471.0	85.658173
3095.0	86.306444
2179.0	84.222336
2326.0	84.403914
2160.0	84.877352
2380.0	83.677243
1344.0	85.584230
3471.0	85.889663
2192.0	84.503932
2770.0	84.001951
2330.0	84.367369
2808.0	83.821725
1393.0	85.797411
3689.0	86.281922
3261.0	86.021332
2558.0	84.402071
2741.0	83.706400
2443.0	83.436165
2060.0	86.151089
3582.0	85.530768
3077.0	84.266261
13867.0	88.205935
1476.0	82.896005
2485.0	82.427221
831.0	84.188563
2789.0	85.250971
3296.0	84.965627
2392.0	83.176769
2893.0	82.509140
2630.0	82.105106
1831.0	85.980102
3543.0	85.659059
2776.0	83.053776
2664.0	83.128345
3267.0	83.145859
3271.0	81.506520
1125.0	84.034235
3939.0	85.012261
3366.0	83.380211
3361.0	83.301398
3702.0	82.716784
3792.0	81.889152
1074.0	84.094084
3517.0	83.453347
4030.0	82.699775
4006.0	82.626209
4065.0	82.739787
3983.0	81.359067
989.0	83.258581
4094.0	82.532141
4138.0	82.536502
4480.0	82.258487
3915.0	81.050306
4231.0	78.788166
926.0	81.352229
4721.0	82.483652
4698.0	80.759654
4659.0	80.947971
4679.0	80.051769
4623.0	78.351634
537.0	79.580193
5328.0	81.392637
5042.0	80.319938
4999.0	77.029157
4996.0	77.897405
4711.0	76.354185
971.0	79.062115
4774.0	79.268702
4865.0	79.366022
5035.0	78.587169
5042.0	79.558072
4277.0	74.487866
1184.0	78.897842
4830.0	78.714070
4895.0	79.937885
4753.0	77.786573
4520.0	79.562993
4896.0	76.481492
1071.0	79.723447
4986.0	81.093268
