7499.0	83.160966
2484.0	79.423665
3079.0	81.711676
1001.0	84.929319
3146.0	85.397848
3314.0	85.693047
3170.0	86.290973
3094.0	87.117752
2662.0	86.273365
615.0	87.745049
2569.0	87.283561
2310.0	86.642239
1998.0	86.177408
1910.0	87.933022
2192.0	87.530982
1619.0	90.836471
2619.0	91.432688
2306.0	91.681395
2299.0	91.367363
2502.0	91.262542
2244.0	91.219999
1318.0	93.110381
2484.0	93.024454
3734.0	91.916355
2788.0	93.375883
3454.0	93.494493
3623.0	93.445865
2242.0	95.233317
3363.0	94.618755
3380.0	94.476080
3139.0	94.518053
3455.0	94.361235
3107.0	94.310273
1974.0	95.595203
3171.0	94.886981
3201.0	95.368359
3292.0	95.150812
3503.0	95.374409
3675.0	95.386820
1790.0	96.195162
3406.0	95.305391
3967.0	95.424750
4074.0	95.126710
4128.0	95.450299
3576.0	94.462745
1724.0	96.081580
3810.0	94.763224
3799.0	94.677976
4125.0	95.389736
3831.0	94.848763
4011.0	94.819940
4816.0	95.855079
5005.0	94.666106
4648.0	95.246925
4107.0	94.903018
5154.0	95.690757
4158.0	94.622992
4720.0	95.462521
4248.0	95.142380
4931.0	95.295213
15643.0	96.624692
4477.0	96.156151
3992.0	94.925866
2069.0	95.835156
5061.0	96.957718
3080.0	96.674301
2017.0	94.403994
3556.0	94.300091
5115.0	94.695987
1099.0	95.004313
3413.0	95.250404
4450.0	95.224018
3348.0	95.583193
3083.0	95.534669
4211.0	95.030431
888.0	95.099941
3005.0	95.571747
4470.0	95.638859
5936.0	95.523498
4630.0	95.864722
4872.0	95.212126
631.0	95.252742
4162.0	95.553709
4703.0	95.626824
3811.0	95.611919
4875.0	95.394686
4470.0	95.374065
2468.0	95.547357
5229.0	95.709644
4596.0	95.680574
5555.0	95.651323
4603.0	95.588195
5500.0	95.225691
2280.0	95.417635
4484.0	95.558548
5341.0	95.461060
10466.0	95.048315
6654.0	95.172829
5935.0	94.743842
782.0	94.856498
7361.0	95.517020
6561.0	95.589113
6305.0	95.423299
6809.0	95.505856
6452.0	94.799462
3426.0	95.170920
6995.0	95.611276
7882.0	95.441370
6836.0	95.901343
7666.0	96.320547
6625.0	95.496519
865.0	95.530126
8921.0	95.901626
7414.0	96.373401
9763.0	96.619100
9228.0	96.356989
8199.0	95.544164
1083.0	95.715133
8801.0	96.932942
7052.0	96.908010
28024.0	97.543167
4497.0	96.328277
4923.0	95.047865
1020.0	95.136002
6889.0	96.651123
8085.0	96.728189
6816.0	96.996547
7208.0	96.782141
7136.0	95.637125
2003.0	95.982655
7217.0	96.868110
7638.0	96.722310
6193.0	96.369970
7505.0	96.795582
6407.0	95.508761
3791.0	95.834371
7079.0	96.804804
7395.0	96.857031
7115.0	96.751026
7746.0	97.018681
6918.0	95.965801
2390.0	96.233222
9017.0	97.275993
6890.0	97.027281
6191.0	97.169853
7922.0	97.128377
5874.0	95.862172
4087.0	96.198970
6404.0	97.181950
6670.0	97.423358
9154.0	96.675874
6001.0	96.960068
6977.0	95.182131
1955.0	95.330766
6783.0	97.138050
6993.0	97.520681
7769.0	97.133194
6402.0	97.017042
6525.0	95.263433
1026.0	95.365464
7493.0	97.347467
6507.0	97.408154
6579.0	97.278370
6565.0	97.063019
6543.0	95.384722
1028.0	95.483811
7452.0	97.751637
6264.0	97.461030
8210.0	97.591981
6895.0	97.346489
5096.0	94.983339
2683.0	95.641458
6154.0	97.519634
5795.0	96.836489
5667.0	97.301481
5705.0	96.833751
5744.0	95.208569
1564.0	95.713383
5563.0	97.077064
5092.0	97.149035
22400.0	97.754045
3433.0	96.358158
3362.0	95.294822
1777.0	95.880816
4912.0	96.823515
4036.0	96.543152
4964.0	96.482781
4523.0	96.192348
4308.0	95.091715
1853.0	95.668063
5805.0	96.298830
4715.0	96.379566
5516.0	96.735461
5144.0	95.060221
5795.0	94.339004
2206.0	95.162233
5837.0	95.617461
5594.0	95.015439
4828.0	94.649580
5201.0	94.293148
4643.0	92.763031
2066.0	93.652460
5019.0	94.165070
4354.0	93.552520
4666.0	93.272535
4040.0	94.127696
3855.0	93.998243
4595.0	94.642137
3847.0	95.286239
3414.0	95.086095
4223.0	94.673055
3236.0	94.758045
4970.0	94.685653
2129.0	94.994222
4424.0	94.680976
3390.0	95.135327
3702.0	95.345551
3969.0	94.845786
2731.0	94.842443
102.0	94.830752
4035.0	95.385999
3649.0	94.992322
4178.0	95.024461
4001.0	95.297751
3739.0	95.010115
705.0	95.113368
4229.0	95.192020
2617.0	94.968508
2263.0	95.570919
3838.0	94.970228
2447.0	94.805708
521.0	94.931352
2395.0	95.413281
3226.0	95.357967
1537.0	95.157017
3345.0	95.348325
2731.0	95.391853
70.0	95.377838
2165.0	95.462331
2360.0	95.455397
14873.0	95.536952
3057.0	94.642000
3715.0	94.805347
506.0	94.795371
4007.0	95.092253
4130.0	95.014682
4746.0	95.163914
4598.0	95.230710
4173.0	94.790524
582.0	94.891274
4656.0	95.418205
4625.0	95.859632
5559.0	95.788458
5031.0	95.523843
4278.0	94.904533
2229.0	95.091888
3883.0	95.233037
5060.0	95.257153
6623.0	95.255883
5765.0	95.133283
5008.0	94.555516
2187.0	94.883155
5230.0	95.446982
5751.0	95.843708
5977.0	95.129311
5451.0	95.501178
5441.0	94.528037
537.0	94.641714
6128.0	95.440207
6268.0	95.614129
5775.0	95.593948
6304.0	95.869184
5541.0	95.285138
738.0	95.371651
6814.0	96.061775
5378.0	96.229793
10680.0	95.341627
6370.0	95.692669
6144.0	95.445309
1151.0	95.554871
5993.0	96.602944
5876.0	96.479991
5810.0	95.954335
6131.0	96.248823
6019.0	95.201368
618.0	95.318811
6365.0	96.039449
6100.0	95.644523
6294.0	96.000952
5636.0	95.612975
5912.0	94.957385
561.0	95.053886
6542.0	95.527615
6181.0	95.844144
6831.0	95.624844
8036.0	95.720020
9834.0	91.371977
4230.0	92.700253
11577.0	87.819311
12033.0	85.693404
42666.0	95.216234
11237.0	88.924565
13003.0	88.032739
788.0	88.305060
12353.0	91.867157
12646.0	93.166324
11506.0	93.388239
11213.0	94.536468
12073.0	90.042175
1489.0	90.603447
13056.0	97.409911
10124.0	96.075122
8790.0	92.320939
3729.0	84.748690
3443.0	70.889749
489.0	72.324044
3941.0	77.323207
4053.0	77.550042
5893.0	81.123074
6771.0	82.595652
7576.0	80.561952
1206.0	81.442523
16714.0	92.373833
15485.0	92.775653
15315.0	92.927865
13856.0	92.431191
11955.0	86.166583
1040.0	86.636934
12052.0	89.159403
8497.0	83.866762
7111.0	77.644035
5719.0	75.814564
6046.0	71.292189
1419.0	74.615405
10485.0	83.885547
11189.0	84.734036
12896.0	87.114874
16727.0	91.021084
14253.0	85.755648
1310.0	86.409272
14133.0	90.414736
12144.0	89.757935
9827.0	85.701145
7705.0	80.932497
6528.0	72.745789
1110.0	75.366844
8636.0	83.301057
10817.0	87.179735
12811.0	90.310448
13553.0	90.859497
12076.0	86.375559
1711.0	87.641962
13782.0	91.776023
11959.0	91.712436
11233.0	90.138871
9917.0	89.581297
8401.0	82.789803
1489.0	85.064023
9760.0	90.234199
8701.0	90.824785
15126.0	95.712744
7389.0	93.108434
7576.0	90.940284
2083.0	92.267707
9240.0	95.054274
10336.0	95.374019
11570.0	96.000562
9870.0	93.879897
9677.0	87.947126
2165.0	89.889409
10070.0	94.148199
9985.0	92.605684
9502.0	92.032627
9380.0	90.168483
8034.0	83.141071
2092.0	85.717298
9463.0	90.924118
7809.0	89.341922
8049.0	89.124280
8038.0	89.815046
8406.0	84.866362
2386.0	87.505776
9978.0	93.817210
9911.0	93.582633
10286.0	93.618500
10290.0	92.671341
10348.0	86.915668
2678.0	88.759289
12323.0	93.211275
11255.0	92.186606
11904.0	90.719086
10773.0	89.913070
10412.0	84.987520
2157.0	86.637359
11604.0	90.882369
9877.0	89.584956
10141.0	89.931072
8895.0	88.884630
9186.0	85.588519
2065.0	86.981589
9845.0	89.267340
9152.0	89.808591
9323.0	89.014541
9849.0	90.274601
10602.0	85.994441
2129.0	87.722956
11210.0	91.438293
10456.0	89.632767
10328.0	90.158393
10420.0	89.966972
10410.0	86.397539
2062.0	88.058794
11074.0	89.619105
10449.0	89.149676
10565.0	89.227663
9816.0	88.261824
9849.0	84.390089
1751.0	86.152409
9417.0	87.982246
8687.0	87.542189
26545.0	98.370300
8463.0	90.901489
7840.0	82.222813
1734.0	84.959493
6982.0	87.480680
7779.0	86.671295
7061.0	86.820162
6906.0	86.780321
7552.0	80.907434
2814.0	84.581779
8400.0	87.728220
8701.0	87.024301
8377.0	85.604747
9883.0	85.318056
10425.0	77.918687
1935.0	80.242376
11708.0	85.520800
11120.0	83.345253
11762.0	83.294912
10909.0	81.930923
11227.0	74.266017
2179.0	77.352401
12608.0	84.952193
12225.0	83.940538
11847.0	81.539202
11852.0	79.317419
12423.0	71.756002
1787.0	74.840599
13908.0	83.132554
13712.0	82.501950
12304.0	79.956046
12847.0	78.561330
11795.0	63.198343
2794.0	69.106768
14015.0	78.667933
13153.0	78.063085
13519.0	75.895276
12446.0	74.126303
11285.0	62.241923
2293.0	67.328768
12913.0	75.482047
13389.0	73.205635
11021.0	70.603869
10626.0	70.322467
10492.0	55.153945
2173.0	60.741471
12739.0	79.257348
13365.0	72.180457
11234.0	70.713188
11808.0	71.001753
10332.0	51.968299
1829.0	56.590600
14715.0	75.617043
11965.0	69.762084
10782.0	62.939500
8571.0	55.266050
7651.0	37.168795
1524.0	42.642187
10728.0	61.840085
10542.0	57.974543
15406.0	75.963193
6407.0	49.559088
4722.0	41.868839
1329.0	48.860373
6371.0	57.493678
8231.0	68.550286
7264.0	67.389621
7644.0	69.262334
7024.0	64.517497
2103.0	70.334960
8432.0	74.975683
8791.0	76.994833
8504.0	76.915219
8667.0	77.195345
8374.0	74.117851
1104.0	76.027867
7994.0	77.265376
7636.0	77.998201
7574.0	77.898786
6873.0	78.505005
6854.0	74.827519
2267.0	78.887347
6792.0	79.158647
5966.0	78.323706
6387.0	79.926847
6584.0	80.083433
5574.0	79.377871
2597.0	82.988161
5594.0	84.280648
5522.0	83.576257
4842.0	84.144410
4104.0	84.822315
3507.0	85.800444
1225.0	86.693837
4449.0	87.192677
4250.0	86.954860
3500.0	87.686112
2858.0	86.890977
3625.0	86.893182
1361.0	87.834103
2954.0	87.774572
3315.0	87.788086
3180.0	87.384235
3229.0	87.769012
2734.0	85.678362
2117.0	88.099131
3267.0	87.333392
3277.0	87.710905
3211.0	86.124469
3470.0	87.355820
3130.0	86.016691
2080.0	88.289151
3626.0	87.233375
3309.0	87.044628
3699.0	87.129669
3320.0	85.853899
3195.0	86.473458
1530.0	88.080129
3559.0	87.385981
3840.0	86.413228
15009.0	88.905275
1699.0	84.159445
2736.0	83.539857
871.0	85.243132
3113.0	86.608116
3553.0	86.351714
3509.0	86.872563
3778.0	86.161912
3489.0	86.017631
890.0	87.143789
3801.0	86.690447
3905.0	85.878006
3476.0	86.666921
3637.0	85.057794
3802.0	84.120328
1116.0	85.692631
4186.0	86.218019
4489.0	85.609403
3686.0	84.829533
4230.0	84.394086
4335.0	83.397163
1746.0	86.159346
4461.0	86.392862
4448.0	84.892362
4546.0	85.378128
4695.0	84.873288
4523.0	83.447482
498.0	84.403010
4905.0	85.686725
4595.0	85.070944
4552.0	83.672981
4408.0	83.273847
4855.0	81.766673
1221.0	84.726667
5660.0	85.376784
5920.0	85.025350
4998.0	83.068996
5135.0	82.616696
5078.0	79.631911
1773.0	83.984766
5847.0	83.836896
5737.0	82.843217
5984.0	80.906217
5743.0	80.589632
5526.0	78.748653
1088.0	81.804039
6129.0	83.919847
5650.0	81.667242
5536.0	80.466695
5333.0	81.143675
4987.0	78.184125
1989.0	83.655999
5874.0	82.033891
5551.0	82.110774
5241.0	79.862963
5119.0	81.561421
5497.0	79.121892
1976.0	83.660918
5686.0	83.414898
