9414.0	88.044205
3791.0	86.299187
4290.0	86.353421
1205.0	88.743124
4361.0	89.944755
4268.0	89.151522
4182.0	90.164679
3927.0	90.441362
3549.0	89.639313
1161.0	91.304491
3307.0	90.139601
2925.0	89.637957
3030.0	90.973591
3144.0	91.778941
3144.0	91.150227
4015.0	92.660490
4741.0	93.324219
4040.0	94.432336
3974.0	94.434892
3989.0	94.180149
3981.0	94.147272
2566.0	95.539164
4493.0	95.589261
4520.0	95.376286
4518.0	95.420792
4279.0	95.300257
4243.0	95.067110
5706.0	96.095515
5012.0	96.218961
6073.0	95.857872
6440.0	96.022627
5760.0	95.689929
6193.0	95.618644
2441.0	96.491724
6784.0	96.288220
5093.0	96.166464
6569.0	95.958674
6053.0	96.175959
6666.0	95.952695
3408.0	96.792326
5843.0	96.730257
7484.0	96.334089
7504.0	96.358644
7865.0	96.091599
5996.0	95.788495
4104.0	96.690270
8143.0	96.108729
6458.0	95.938102
7323.0	96.172180
7293.0	96.396524
7933.0	96.067538
3807.0	96.656129
7677.0	96.014977
7346.0	96.125772
7154.0	96.073450
8313.0	96.176246
7596.0	95.796212
4431.0	96.533401
8588.0	96.750707
8634.0	96.805980
28646.0	97.503034
6848.0	96.692266
6025.0	95.780861
3554.0	96.423038
7484.0	97.133083
5675.0	97.008801
6006.0	95.776780
6639.0	95.782813
5354.0	95.439941
2278.0	95.798488
5229.0	96.248870
6472.0	95.835805
3812.0	95.921429
5481.0	96.325431
5945.0	95.673886
2011.0	95.872499
4692.0	96.330481
7481.0	96.153416
7524.0	95.921464
5841.0	95.961960
6262.0	95.667961
3570.0	95.884801
5946.0	96.201730
8294.0	96.293467
5202.0	96.217640
8020.0	96.206715
6268.0	95.976645
3924.0	96.175100
8280.0	96.222061
7971.0	96.449293
8556.0	96.193454
6407.0	96.270558
8287.0	95.921536
3909.0	96.053853
8789.0	96.391661
10351.0	96.394411
13501.0	95.634032
9647.0	95.718568
8427.0	95.349809
4125.0	95.680721
10861.0	96.179078
9341.0	96.489578
10265.0	96.242158
9217.0	96.491143
10528.0	95.521385
4746.0	95.686027
9825.0	96.227365
11404.0	96.266707
10637.0	96.523225
11865.0	96.976474
10243.0	95.993998
4871.0	96.243975
13942.0	96.715127
10996.0	97.161497
11779.0	96.981552
11052.0	96.656909
10169.0	96.034075
4129.0	96.354158
10561.0	97.112094
8354.0	97.145204
36916.0	97.824956
7795.0	96.870222
9016.0	95.877409
2053.0	96.140860
7459.0	97.163719
9200.0	97.136671
7864.0	97.121132
8570.0	97.032568
8434.0	96.017767
2409.0	96.231662
10094.0	97.341801
10279.0	97.180079
11901.0	97.317888
8186.0	97.385655
10115.0	96.010630
2778.0	96.188612
9719.0	97.423482
10197.0	97.473882
9839.0	97.488181
10595.0	97.522996
8719.0	96.458962
3346.0	96.537280
12689.0	97.580334
9462.0	97.563444
9411.0	97.737833
12321.0	97.784943
8846.0	96.498317
4736.0	96.685920
8593.0	97.748388
8942.0	97.957689
16598.0	97.552540
11595.0	97.700870
12963.0	95.985532
4336.0	96.177635
13338.0	97.907580
13013.0	98.161288
13872.0	97.892511
11950.0	98.035693
13434.0	95.984326
2988.0	96.041545
14454.0	98.030965
12818.0	98.114368
12569.0	98.084858
12900.0	98.105394
12468.0	96.278141
1630.0	96.295548
13050.0	98.358441
12675.0	98.427065
17285.0	98.028981
11939.0	97.672031
11993.0	95.736572
3609.0	96.038811
12191.0	98.221867
11124.0	97.528231
11729.0	97.964578
10095.0	97.458273
11274.0	95.766359
3174.0	96.146937
11057.0	97.846746
10496.0	97.700258
34762.0	98.121441
8047.0	97.260425
6200.0	96.040183
1960.0	96.345319
8947.0	97.514144
6227.0	97.282020
7572.0	97.191312
7518.0	97.279199
6105.0	95.958288
2654.0	96.415373
9749.0	97.559093
6900.0	97.302112
8617.0	97.534351
8394.0	97.240006
8380.0	95.654743
2776.0	96.055583
7527.0	97.232263
7671.0	96.110342
7687.0	96.741238
7136.0	95.955318
6712.0	94.263978
3168.0	94.898336
7694.0	95.753938
6357.0	95.303416
7199.0	95.009203
5938.0	95.272243
6006.0	94.951920
1925.0	95.352222
5914.0	95.763242
5015.0	95.666436
6561.0	95.565440
4575.0	95.763993
4074.0	95.155246
2917.0	95.359035
5189.0	95.128363
4209.0	95.517810
4497.0	95.455518
4545.0	95.364393
2902.0	95.190470
3329.0	95.608497
4894.0	95.724768
4197.0	95.575982
5692.0	95.613496
4109.0	95.499022
3949.0	95.051307
3326.0	95.636710
4927.0	95.629281
3484.0	95.508840
4526.0	96.275901
4849.0	95.500099
2881.0	95.371943
1627.0	95.672952
3305.0	95.801429
5209.0	95.799676
2196.0	95.834108
5058.0	95.984466
3889.0	95.903019
4139.0	96.195189
3298.0	96.004691
3347.0	96.036202
25790.0	96.192459
3403.0	95.414286
3717.0	95.144362
1894.0	95.330804
4584.0	95.567182
5193.0	95.465374
5714.0	95.660014
5622.0	95.545977
5075.0	95.331992
2067.0	95.708889
6613.0	96.317429
5258.0	96.002128
6411.0	96.000818
5781.0	95.820479
4992.0	95.225576
2823.0	95.708951
5758.0	96.001796
7501.0	95.918991
7347.0	95.685265
6709.0	95.547972
6049.0	95.182895
3134.0	95.524027
7727.0	96.148639
8294.0	96.237686
8525.0	96.124730
7727.0	96.215197
8658.0	95.462850
4379.0	95.740664
8308.0	96.324392
9854.0	96.371065
8726.0	96.401638
8568.0	96.429360
7450.0	95.824384
2995.0	96.039431
9519.0	96.616323
8013.0	96.916865
13328.0	95.640855
8484.0	96.116576
8160.0	95.883221
2517.0	96.073033
8338.0	96.883293
9025.0	96.797133
7219.0	96.366627
7483.0	96.407054
7443.0	95.419406
2387.0	95.821143
8612.0	96.311675
9323.0	96.302151
9001.0	96.465238
6860.0	95.884555
8567.0	95.550928
3922.0	95.879643
8949.0	96.238506
8892.0	96.440943
8380.0	95.793145
9846.0	95.983640
12407.0	92.070247
5406.0	93.615214
14373.0	90.477841
16021.0	89.134665
48670.0	95.988138
14455.0	91.397937
16427.0	90.231197
1890.0	90.678383
16597.0	94.492920
17259.0	95.655134
16066.0	96.355100
15030.0	97.252314
16221.0	92.823275
2703.0	93.297842
18389.0	100.000000
16511.0	100.000000
12912.0	96.700723
7355.0	93.588674
8451.0	84.951070
914.0	85.695145
10644.0	94.258512
15069.0	96.563978
18049.0	97.500173
17400.0	97.030065
15334.0	92.119822
2570.0	92.692706
18276.0	95.688845
16593.0	94.793813
16022.0	94.407323
14378.0	93.588852
13916.0	87.969679
1888.0	88.800514
16563.0	92.863647
16566.0	93.126438
16478.0	92.294645
15089.0	92.631652
15505.0	88.333926
1863.0	88.931355
18785.0	94.015866
17971.0	93.851999
17892.0	93.918716
16636.0	93.548422
13156.0	86.061660
1518.0	86.644181
16677.0	92.358390
15762.0	92.956926
16315.0	93.558941
15752.0	93.265274
14147.0	86.822982
1598.0	87.827896
18083.0	95.160083
19519.0	95.862065
17221.0	95.126259
16587.0	94.924028
15656.0	90.378314
1511.0	90.872155
18985.0	96.097697
18980.0	96.594984
17883.0	96.189928
16190.0	95.905165
13180.0	89.956779
1714.0	90.868888
17791.0	96.673448
13690.0	96.117128
20556.0	97.850625
9421.0	95.325138
8372.0	91.931753
2215.0	93.212014
12534.0	97.185007
14051.0	97.860435
15800.0	98.641949
14083.0	97.647075
13256.0	91.688231
1642.0	92.270278
13402.0	97.337820
14774.0	97.133984
13797.0	96.822017
14277.0	96.490843
13784.0	90.787733
2166.0	91.671479
13621.0	96.447594
13708.0	96.890147
12836.0	96.358777
12095.0	96.316027
12292.0	90.800088
2112.0	91.745374
13654.0	97.419688
14276.0	97.580611
14279.0	97.345475
13285.0	96.294166
13716.0	90.584330
2133.0	91.284695
15278.0	95.886712
14873.0	95.670988
15353.0	94.409893
14797.0	94.760961
14667.0	90.050215
2143.0	90.938343
15301.0	95.028603
14122.0	94.819673
13395.0	93.928765
13027.0	93.992903
12474.0	89.792991
3049.0	91.004179
13597.0	93.950823
12517.0	94.516477
13028.0	93.838724
14018.0	94.935363
14023.0	89.799808
1350.0	90.213266
14380.0	94.475738
15198.0	93.940704
13003.0	93.186221
13997.0	93.637262
13935.0	90.003477
3565.0	91.661403
17753.0	95.109021
15166.0	94.339077
15489.0	94.508657
14487.0	93.963252
13378.0	88.704626
1929.0	89.948921
12546.0	92.658496
12238.0	92.800556
33010.0	100.000000
11502.0	94.751102
10537.0	86.979785
1673.0	88.304514
11025.0	94.199593
12249.0	93.600246
10793.0	93.621451
9513.0	92.276089
10981.0	86.709838
2918.0	88.880441
10793.0	92.360627
10266.0	90.773543
10870.0	90.207028
12417.0	90.293607
13505.0	83.202093
4536.0	86.722633
16003.0	91.810972
14192.0	88.905381
14942.0	88.798798
16080.0	90.034910
16335.0	82.488993
2644.0	84.386347
17691.0	91.432150
16776.0	91.279097
17395.0	90.837447
17128.0	89.061422
18172.0	81.128063
2923.0	83.670036
20149.0	91.523151
19919.0	91.655011
18405.0	90.019907
18469.0	88.938724
17748.0	75.494461
3828.0	79.791280
19792.0	88.267545
18341.0	86.808964
18035.0	84.370200
18029.0	84.987660
17208.0	74.151359
2872.0	77.210557
18188.0	85.287310
19297.0	84.451007
18409.0	86.596920
16370.0	85.746613
14405.0	66.561803
3305.0	71.756134
19274.0	92.342981
18859.0	84.509862
15592.0	83.035656
16633.0	83.578490
14598.0	64.464463
2418.0	68.491122
20990.0	88.460995
18365.0	86.240549
18124.0	81.780466
13980.0	74.521110
12749.0	54.028081
2831.0	59.997054
19890.0	82.788121
18959.0	78.341245
19259.0	83.582048
10697.0	67.029921
7944.0	58.358152
2055.0	64.447040
10797.0	74.756713
12826.0	82.200116
11858.0	81.223318
12015.0	82.191362
11460.0	77.110263
3389.0	81.926351
12524.0	85.287791
12973.0	86.165202
12552.0	85.795395
12929.0	85.984033
12339.0	82.923729
2150.0	84.933689
11935.0	85.560977
11228.0	86.342455
11220.0	86.210932
10280.0	86.680023
10825.0	83.794973
3342.0	86.867305
9912.0	87.324586
9291.0	86.798679
9242.0	87.313097
9635.0	86.885085
7768.0	85.860074
3910.0	88.624536
8125.0	89.649289
7712.0	88.996388
7361.0	89.774741
6551.0	90.188212
6039.0	90.788818
1621.0	91.465614
7409.0	91.932593
6786.0	91.605960
4706.0	91.321095
5032.0	91.829838
5097.0	91.064516
1990.0	91.906130
5384.0	92.023456
5643.0	91.699960
5517.0	91.752282
5234.0	92.263416
4645.0	90.743284
1634.0	91.625503
5685.0	91.733596
5669.0	92.016867
5402.0	91.255104
4648.0	91.450316
5236.0	90.907580
2110.0	91.904341
5455.0	91.200141
5081.0	91.742804
5388.0	90.922165
5564.0	91.147909
5062.0	90.683741
2207.0	91.800165
5502.0	91.135397
5471.0	90.589342
19454.0	92.291278
3471.0	89.675590
4480.0	88.828799
1670.0	90.319834
5196.0	91.113438
5724.0	91.081511
5645.0	91.030445
5538.0	90.900108
5148.0	89.954428
2064.0	91.535186
5701.0	91.061434
5617.0	90.728489
4828.0	90.811937
5707.0	90.640465
5492.0	89.149447
1877.0	90.982075
6428.0	91.397777
5893.0	90.336848
5719.0	90.417150
6366.0	90.207289
6404.0	88.929892
1121.0	89.749467
6388.0	90.748711
6331.0	89.991637
6721.0	90.306209
6254.0	89.583558
6178.0	88.088583
1707.0	90.039717
6890.0	90.564356
6841.0	90.549294
6642.0	89.703577
6538.0	89.106885
7093.0	87.740077
1926.0	89.672653
7503.0	90.280879
7673.0	89.212493
7540.0	89.474932
7572.0	89.342348
7527.0	86.738958
2090.0	89.127082
8929.0	90.243232
8224.0	89.041871
8482.0	87.799899
7900.0	87.004460
7702.0	85.414979
2124.0	88.150729
8022.0	88.330786
7542.0	86.830740
7684.0	86.868219
7410.0	87.215136
6909.0	83.714815
2262.0	87.328936
7650.0	87.198216
7480.0	87.795614
7436.0	87.213260
7212.0	88.210928
7831.0	85.245853
2024.0	88.032308
8261.0	89.687393
