6305.0	75.802453
1683.0	70.704961
2110.0	73.570882
652.0	79.424863
2453.0	81.446140
2524.0	81.185368
2034.0	80.027078
1972.0	80.283389
1985.0	82.371382
498.0	84.237249
2080.0	83.706008
1781.0	83.705793
1272.0	80.239328
1359.0	82.104726
1468.0	83.509770
1491.0	86.049841
1935.0	86.392528
1709.0	87.511978
1676.0	87.946736
1787.0	87.856613
1798.0	88.667071
943.0	90.832912
1870.0	90.674534
1885.0	90.100785
2121.0	91.978847
1949.0	91.565590
1966.0	91.513628
1225.0	93.526396
1956.0	92.289712
2078.0	92.878154
2038.0	92.893174
2306.0	93.042891
1924.0	91.717788
1112.0	93.898597
2329.0	93.009656
2059.0	93.168250
2826.0	93.320670
2912.0	93.439530
2686.0	93.934823
3360.0	94.639041
2372.0	93.664074
2763.0	93.746051
3299.0	94.107445
2750.0	94.077002
2502.0	93.108205
1885.0	95.008768
3103.0	93.767411
2853.0	93.791131
2978.0	94.503614
2973.0	93.991373
2916.0	93.905735
2051.0	95.345392
3337.0	94.295367
3707.0	94.824556
3103.0	94.010679
3556.0	94.220162
3376.0	93.678734
1914.0	95.155119
3460.0	95.159933
3553.0	94.337268
12158.0	95.899031
2951.0	94.613867
2768.0	94.036640
1372.0	94.800623
3000.0	95.033170
2108.0	95.167515
1637.0	93.837793
1353.0	93.903330
1029.0	93.545888
145.0	93.831311
946.0	94.118497
1074.0	94.062816
963.0	94.027177
916.0	94.099386
1094.0	93.602974
700.0	94.033660
1363.0	94.487383
1150.0	94.670272
1964.0	94.312405
1586.0	94.111957
2238.0	94.292231
345.0	94.357135
1972.0	94.638792
1729.0	94.573032
1879.0	94.884555
2513.0	94.637370
2010.0	94.482212
3850.0	94.764629
2205.0	94.578340
1892.0	94.949364
2317.0	94.580535
2020.0	94.451788
2327.0	94.766587
3689.0	94.987307
4421.0	94.955891
3643.0	95.053324
4135.0	94.114959
3248.0	94.424944
3109.0	93.874731
3484.0	94.247001
6441.0	94.852890
3080.0	94.597558
3607.0	94.627412
3603.0	94.657786
3640.0	93.507467
4977.0	94.331376
6028.0	94.814029
6483.0	94.708975
4174.0	94.898728
4571.0	95.488562
4489.0	94.740613
3715.0	95.264917
5414.0	94.894852
5110.0	95.735304
6293.0	95.976058
6028.0	95.672544
5217.0	95.173605
4199.0	95.396093
5188.0	96.254647
4730.0	96.220001
17557.0	97.154363
3519.0	95.812058
3621.0	94.624804
1227.0	95.054072
3700.0	96.062249
4784.0	96.154364
3570.0	96.033105
3759.0	95.720256
3839.0	94.651257
2187.0	95.403477
4739.0	96.453447
5205.0	96.287854
4615.0	95.890402
4458.0	96.399146
4031.0	94.856548
2387.0	95.616197
4462.0	96.314830
4625.0	96.608769
4689.0	96.396107
4799.0	96.494871
5157.0	95.538151
793.0	95.732255
6068.0	96.741388
4988.0	96.426690
5353.0	96.698409
6501.0	96.831708
4920.0	95.648302
871.0	95.746479
4506.0	96.847229
4982.0	97.008088
6463.0	95.742607
4412.0	96.362966
5060.0	94.710768
2379.0	95.312887
4534.0	96.443834
4806.0	96.854497
5417.0	96.905330
5042.0	96.750979
4405.0	94.517156
1440.0	94.879958
5283.0	96.797685
5240.0	96.948709
4568.0	96.583704
4440.0	96.375575
4564.0	94.896212
705.0	95.142483
5240.0	97.032654
4298.0	96.988625
5496.0	96.908984
4713.0	96.517860
4065.0	94.027475
1786.0	94.818067
4885.0	97.003348
4226.0	96.344471
3943.0	96.555259
3896.0	95.907066
3406.0	93.800047
1706.0	94.765006
3859.0	96.476167
3616.0	96.413366
17248.0	97.253149
2764.0	95.860905
2981.0	95.001223
1100.0	95.356363
3732.0	96.117269
3052.0	96.067878
3279.0	95.487210
3748.0	95.612384
3590.0	94.614503
1189.0	95.377105
4785.0	95.682556
3940.0	95.699117
4194.0	95.861446
4221.0	94.324184
3879.0	92.934656
2321.0	94.234403
4332.0	94.341267
4129.0	93.615133
3481.0	93.630732
4141.0	93.275917
3488.0	91.215615
2120.0	92.707829
4037.0	93.346704
3316.0	92.759056
3619.0	92.801685
3018.0	93.722642
2912.0	93.090207
2132.0	94.185901
2954.0	94.161355
2514.0	93.893770
3246.0	93.775696
2610.0	93.686478
1881.0	93.301194
1596.0	93.994709
2625.0	94.090147
1824.0	94.275536
2325.0	93.979900
2462.0	93.921917
1443.0	93.777586
309.0	93.971817
2653.0	94.557650
2469.0	94.200264
2233.0	94.153957
2014.0	94.426394
2355.0	94.281500
319.0	94.447533
2609.0	94.647929
1620.0	94.423202
1378.0	94.885527
1866.0	94.571182
1617.0	94.046572
3284.0	94.370735
1750.0	94.813686
1448.0	94.737042
1407.0	94.653585
1375.0	94.633626
971.0	94.560215
2970.0	94.912016
2078.0	95.000789
2110.0	94.984010
12152.0	95.258733
1380.0	94.231733
1934.0	93.992377
204.0	93.927214
2684.0	94.322442
2266.0	94.185250
3090.0	94.118751
3070.0	94.222437
2475.0	93.787001
3576.0	94.354197
3937.0	94.803057
3881.0	94.951884
3124.0	94.716205
2995.0	94.600578
2363.0	94.055174
2661.0	94.450693
3524.0	94.516039
4310.0	94.533354
3236.0	94.350367
3241.0	94.182815
2510.0	93.641727
3538.0	94.126742
4415.0	94.795235
5020.0	95.070323
3397.0	94.164311
3054.0	94.743189
3409.0	93.758535
2999.0	94.212228
5033.0	94.785905
3851.0	94.602358
3615.0	94.737817
4313.0	94.477052
3681.0	94.346675
3221.0	94.908951
3706.0	95.058177
3367.0	95.575327
4881.0	94.568855
3578.0	94.946000
3247.0	94.820651
471.0	94.800157
2969.0	96.177629
3315.0	95.622681
3142.0	95.082203
3398.0	95.168004
3440.0	94.091839
4519.0	94.711212
2985.0	94.673778
3457.0	94.613153
3265.0	94.661515
3275.0	94.303602
3358.0	93.767305
3748.0	94.261366
4137.0	94.616508
3242.0	94.866280
3726.0	94.358738
5127.0	94.620554
6388.0	89.196526
5027.0	91.832556
8938.0	85.274875
8091.0	80.424140
34090.0	93.529878
7235.0	83.795099
7361.0	81.737756
1674.0	83.443211
7838.0	85.079227
7282.0	85.960552
6834.0	86.513968
7056.0	87.681271
7525.0	83.837580
2680.0	85.775291
11853.0	94.230191
11163.0	94.851544
11298.0	93.803612
5015.0	88.927956
4703.0	76.627253
908.0	78.396116
3616.0	77.660269
3380.0	75.490831
3409.0	73.185268
2991.0	69.113456
3060.0	64.581466
1435.0	69.769500
5706.0	76.501666
6515.0	78.456355
7503.0	79.650855
9910.0	83.852539
12417.0	82.336721
2282.0	83.981665
10957.0	85.891169
8993.0	83.905596
6517.0	75.292650
4740.0	71.175804
3584.0	59.655463
882.0	62.355156
4980.0	67.353435
5285.0	68.322186
5155.0	69.212266
6895.0	73.885080
7694.0	71.444373
1891.0	74.555794
10198.0	81.453298
9520.0	81.929176
8990.0	81.785473
8395.0	81.088377
5172.0	67.076497
1318.0	71.501250
5762.0	74.549976
5930.0	75.700788
5663.0	75.061487
5578.0	73.307000
5600.0	71.716677
1281.0	75.334850
8475.0	81.667622
9439.0	85.814239
10816.0	87.574378
8994.0	86.746019
7712.0	80.537461
1561.0	82.904602
7128.0	85.529703
5233.0	82.248582
11206.0	91.587234
4164.0	85.145861
3624.0	79.752145
1580.0	85.270259
5445.0	87.766220
6826.0	88.961578
7004.0	87.917399
6773.0	87.543554
6532.0	80.496584
2177.0	84.450867
6266.0	86.226277
6560.0	84.271504
5753.0	81.846620
5426.0	77.706903
5478.0	73.919835
1595.0	76.918826
6477.0	83.759421
6036.0	84.242617
5516.0	82.722084
5970.0	83.938035
5867.0	78.610151
2533.0	83.517286
7315.0	89.138144
7888.0	89.607673
7183.0	88.040552
7275.0	86.886317
7380.0	80.802768
1803.0	83.429225
8443.0	86.829176
7320.0	84.931388
8324.0	83.624465
6992.0	81.499033
6270.0	75.086574
1996.0	78.946421
8185.0	83.580419
7103.0	83.104209
6648.0	81.938436
6473.0	81.336318
5879.0	77.138090
1540.0	79.610242
6904.0	83.076188
6385.0	84.183544
6304.0	81.961196
5862.0	81.327115
6139.0	76.379749
1742.0	79.669617
7746.0	84.645816
7684.0	83.345929
7028.0	82.363387
7155.0	82.936207
7201.0	79.290691
1613.0	81.675713
7308.0	81.356138
7273.0	81.463917
7324.0	82.219833
6672.0	80.588874
6157.0	74.323775
1373.0	77.320900
6524.0	79.539854
5348.0	76.772049
20439.0	95.568724
4138.0	78.203703
3786.0	66.455140
946.0	70.142921
3654.0	71.230180
4527.0	72.077180
4950.0	77.001414
4661.0	77.617628
5230.0	71.306932
1423.0	74.404481
5681.0	78.794879
5975.0	77.828788
5234.0	74.198498
6297.0	72.939716
7152.0	67.212868
2144.0	72.552648
8026.0	76.189337
7340.0	72.104292
7639.0	71.452489
8169.0	72.985472
8338.0	64.615588
1300.0	67.543049
8880.0	74.997746
8468.0	72.909182
9064.0	72.915666
8921.0	71.427056
10060.0	66.491013
2030.0	71.141331
11099.0	76.338258
9536.0	71.746397
8373.0	68.596274
8245.0	64.107994
6998.0	46.427291
1808.0	53.486982
8668.0	62.832359
8077.0	61.183344
8322.0	58.837500
8511.0	58.794663
8593.0	52.443674
2161.0	58.504512
9473.0	63.872688
8887.0	58.538201
7468.0	56.046570
6607.0	51.707756
6680.0	37.265420
1249.0	43.266913
7303.0	57.952572
7629.0	51.519240
7282.0	51.727659
7737.0	53.494031
7361.0	38.635892
1326.0	43.504147
10544.0	63.759694
8945.0	57.657876
8923.0	55.371107
8363.0	53.172253
7899.0	35.675648
1559.0	41.548282
7538.0	48.660886
6706.0	42.212865
11030.0	64.149422
4964.0	39.268097
4094.0	36.632779
1056.0	43.033690
3925.0	41.942533
3827.0	44.107958
3716.0	44.604649
3722.0	44.346363
3571.0	42.331483
1040.0	48.933185
4505.0	55.063703
4370.0	54.409789
4633.0	58.267027
4851.0	59.611272
4142.0	53.459914
1315.0	59.731683
4930.0	62.779941
4170.0	60.402848
4302.0	60.997057
4466.0	64.716078
4252.0	61.482752
1575.0	67.172713
4191.0	67.256167
4397.0	69.165359
3846.0	68.894693
4244.0	69.270666
4160.0	72.125801
1405.0	74.262786
3760.0	76.115992
3903.0	75.934002
2677.0	75.053811
3694.0	78.921404
2087.0	79.453178
1650.0	81.870511
2909.0	82.142485
2850.0	82.229199
2218.0	82.785997
2343.0	82.869427
2332.0	82.000277
1034.0	83.172879
1890.0	83.264434
2084.0	82.687110
2105.0	82.622941
1983.0	82.835301
2189.0	82.342823
825.0	83.609117
2176.0	82.534014
2042.0	82.900163
2630.0	82.166232
2105.0	83.144240
2491.0	81.953553
826.0	83.124170
2489.0	82.482624
2278.0	82.564001
2608.0	82.223930
2529.0	81.711005
2279.0	81.371391
767.0	82.673500
2469.0	81.618546
2652.0	81.870889
12334.0	85.607609
1268.0	80.739892
1741.0	78.561276
1061.0	81.710033
2001.0	81.381083
2333.0	81.015256
2300.0	81.218218
2553.0	80.899991
2332.0	80.479281
595.0	81.956530
2606.0	81.433566
2686.0	81.342594
2423.0	82.040302
2895.0	81.424955
2729.0	78.874478
980.0	81.281300
2912.0	81.608211
3193.0	80.426439
3008.0	81.643172
3416.0	81.001807
2916.0	78.195197
1393.0	81.986415
3149.0	81.557140
3697.0	81.083183
3184.0	79.438331
3308.0	78.990823
3201.0	77.624789
1287.0	81.466861
3709.0	80.344676
3270.0	78.796402
3666.0	78.710537
3522.0	77.987210
3876.0	76.748701
483.0	78.521424
4109.0	79.601665
4248.0	78.702267
4191.0	78.424681
4270.0	77.947279
4139.0	76.081399
560.0	77.725127
4475.0	77.640040
4504.0	77.434909
4220.0	73.953031
4099.0	73.308798
3927.0	71.291088
1372.0	77.391205
4284.0	77.241503
4391.0	77.245677
4580.0	77.081987
4554.0	77.802890
3730.0	71.174523
1161.0	76.614610
4437.0	76.318700
3955.0	75.392669
4246.0	74.222175
3828.0	74.767834
4036.0	71.708617
1546.0	77.601559
4482.0	78.927185
