8077.0	84.750398
2808.0	81.506731
3023.0	81.646540
1169.0	86.537360
3193.0	86.186081
3372.0	86.195977
3182.0	86.901358
3033.0	87.681828
2774.0	87.022125
821.0	89.031259
2793.0	88.694929
2649.0	88.641234
2098.0	87.309188
2035.0	88.364906
2177.0	87.929974
1516.0	91.128283
2907.0	91.656703
2458.0	91.634229
2725.0	92.780647
2438.0	91.591488
2602.0	92.723432
3233.0	93.555502
3671.0	93.651470
3054.0	93.537574
3072.0	94.097167
3020.0	93.838657
2790.0	93.071077
2141.0	95.376159
3580.0	95.164512
3561.0	95.098516
3316.0	95.059077
3360.0	94.246722
2950.0	93.847485
2120.0	95.846179
3446.0	95.051575
3082.0	95.066333
3754.0	95.516251
3423.0	95.489185
3710.0	95.166304
1695.0	96.218846
3503.0	95.603905
4169.0	95.938044
4362.0	95.503987
3763.0	94.994981
3680.0	94.574779
2776.0	95.996232
4100.0	94.889639
3806.0	94.995026
4340.0	95.353688
4215.0	95.411857
4185.0	95.225183
4824.0	95.987207
6260.0	95.214278
5268.0	95.144648
6097.0	95.056598
5707.0	95.466518
6838.0	95.199279
2741.0	96.161058
6323.0	95.868530
7101.0	95.806289
17444.0	96.915624
4108.0	95.804676
3885.0	94.534117
2370.0	95.980265
5147.0	96.855690
3510.0	96.697363
2824.0	94.532290
5665.0	94.969440
3974.0	94.963780
1001.0	95.144278
3301.0	95.523384
4413.0	95.269768
3319.0	95.386852
2991.0	95.402988
4594.0	94.950291
657.0	95.025915
3011.0	95.449601
4341.0	95.770246
5948.0	95.623763
4510.0	95.679454
4883.0	95.176479
674.0	95.239990
4147.0	95.717986
5313.0	95.604495
3655.0	95.736789
5331.0	95.454775
4297.0	95.398267
2448.0	95.586731
6334.0	95.724012
4389.0	95.914073
5509.0	95.527145
4483.0	95.500130
5549.0	95.327643
2271.0	95.436861
5490.0	95.888718
5253.0	95.675031
10596.0	94.991778
7554.0	95.457090
6586.0	94.969291
2754.0	95.212221
7178.0	95.416969
6474.0	95.471777
6927.0	95.703999
6476.0	95.586927
7102.0	94.732776
2664.0	95.049568
6812.0	95.366210
7828.0	95.388144
7457.0	95.808712
8211.0	96.456424
7057.0	95.485158
2596.0	95.596323
9541.0	96.256513
7967.0	96.735081
9532.0	96.683789
9147.0	96.498129
8062.0	95.813137
1107.0	95.863992
8711.0	96.749003
7077.0	96.874130
28024.0	97.543167
6675.0	96.546909
7057.0	95.443757
2150.0	96.034671
6379.0	97.032529
7916.0	96.713758
6819.0	96.804422
7191.0	96.724628
7218.0	95.641016
1938.0	96.052603
8451.0	97.250875
7521.0	96.704075
10135.0	96.948118
6907.0	97.110354
8507.0	95.768865
2172.0	96.094731
8029.0	97.181693
7185.0	96.957974
6915.0	97.007062
7620.0	97.052322
6825.0	96.073974
2363.0	96.271059
9269.0	97.081991
6872.0	97.023881
6909.0	97.299279
9047.0	97.310648
6767.0	95.837818
2436.0	96.152511
7706.0	97.417069
6562.0	97.477996
9013.0	96.798242
5966.0	97.139419
7148.0	95.279630
4935.0	95.631523
11400.0	97.447969
6597.0	97.518516
7808.0	97.247548
7302.0	97.258858
7398.0	95.316538
710.0	95.325892
7558.0	97.483827
7453.0	97.558866
7366.0	97.303825
7052.0	97.395572
6416.0	95.385713
1858.0	95.576491
7379.0	97.611236
7284.0	97.714423
8128.0	97.291024
6696.0	97.264049
6785.0	95.325988
983.0	95.520363
6791.0	97.499737
5859.0	96.823764
5844.0	97.468873
6085.0	96.699231
5867.0	95.268914
2000.0	95.600021
6199.0	97.447643
5277.0	97.190459
22400.0	97.754045
3701.0	96.462709
3452.0	95.331990
1089.0	95.677327
5334.0	96.874132
4335.0	96.729757
5252.0	96.508289
5143.0	96.845915
4704.0	95.483406
4469.0	96.044582
5951.0	96.726809
5128.0	96.483232
5753.0	96.832527
5484.0	95.829182
5779.0	94.339291
3908.0	95.483364
5835.0	95.953300
5947.0	95.792396
5061.0	95.509993
5441.0	95.160941
5050.0	92.600016
4261.0	94.004553
5309.0	94.346652
4645.0	93.803393
4617.0	93.631284
4104.0	94.365955
3921.0	93.967198
4097.0	94.835882
5156.0	95.311532
4305.0	95.005069
4236.0	94.917744
4866.0	95.085246
3474.0	94.500619
1785.0	94.963024
5073.0	95.051785
2961.0	95.360728
3671.0	95.084718
3944.0	94.955417
2725.0	94.849085
462.0	94.963205
4080.0	95.424309
3542.0	94.924355
4472.0	95.350309
3859.0	95.105786
3712.0	95.088950
729.0	95.179937
4629.0	95.179362
2432.0	95.035928
2739.0	95.603071
3698.0	94.950474
2829.0	94.959706
153.0	94.957392
2278.0	95.229531
3216.0	95.311229
1624.0	95.191470
3358.0	95.289471
2759.0	95.390957
2085.0	95.503354
2139.0	95.612788
2318.0	95.560712
19637.0	95.781930
3386.0	95.236686
3512.0	94.853643
575.0	94.889053
4062.0	95.592500
4742.0	95.319307
4808.0	95.140692
4600.0	95.317351
4245.0	94.971886
2314.0	95.262462
4521.0	95.462463
4379.0	95.491110
5534.0	95.548430
4975.0	95.549666
4180.0	94.711164
1915.0	94.919543
4068.0	95.146115
4948.0	95.118179
6479.0	95.189948
5679.0	95.092057
5032.0	94.625150
2132.0	94.926223
5149.0	95.532941
6000.0	95.698192
5999.0	95.421850
5410.0	95.704361
6015.0	94.793414
2176.0	94.965371
5845.0	95.404147
6787.0	95.735824
6442.0	95.614480
7031.0	95.780285
6197.0	95.403898
2029.0	95.652125
6689.0	96.066168
5848.0	96.338651
10488.0	95.425355
6376.0	95.707464
6593.0	95.488303
644.0	95.624787
5915.0	96.433413
6453.0	96.313593
5851.0	96.015717
6115.0	95.974222
6027.0	95.148026
662.0	95.157174
6230.0	95.748919
6723.0	95.524807
6634.0	95.847793
6164.0	95.584115
6417.0	95.097493
2166.0	95.266882
6453.0	95.696685
6679.0	96.009735
6812.0	95.481156
7973.0	95.583074
9881.0	91.401941
4724.0	93.078239
11522.0	87.974292
12333.0	86.338498
45571.0	95.843198
11814.0	89.737274
13239.0	88.322452
824.0	88.525356
13703.0	92.598081
13329.0	93.666882
10334.0	92.949657
9946.0	93.327678
10783.0	89.457866
1448.0	90.105053
13485.0	97.263715
10776.0	96.439685
11198.0	94.895319
4365.0	87.444872
5043.0	77.545481
615.0	78.518264
5095.0	84.028505
5747.0	84.434306
7068.0	85.660649
9022.0	87.851846
11115.0	86.248621
1554.0	87.141024
17086.0	93.307195
15277.0	93.291659
13064.0	92.061729
11267.0	90.370753
9915.0	83.534644
1008.0	84.456410
10991.0	87.344181
9428.0	85.211374
9880.0	84.363912
7385.0	81.162182
7705.0	76.587966
1776.0	78.898305
12261.0	86.381914
14856.0	88.883571
14640.0	90.132006
13473.0	89.187903
12493.0	84.183372
1162.0	84.984785
14645.0	90.540985
12951.0	90.835811
10346.0	86.982944
7391.0	80.547958
5179.0	67.049814
558.0	68.627219
7232.0	79.161092
9979.0	84.885640
9947.0	86.019216
15639.0	92.283311
13629.0	88.352477
1885.0	89.067572
15863.0	93.730727
15205.0	94.179551
14382.0	93.394757
12436.0	93.041967
10296.0	86.661876
989.0	87.496376
10354.0	91.795999
9354.0	92.106011
16123.0	95.961079
7448.0	93.341227
7166.0	90.644975
2094.0	92.280613
9553.0	95.400269
11341.0	96.312905
11835.0	96.027050
11805.0	95.871603
10510.0	88.786513
1455.0	89.895571
9813.0	93.542547
10417.0	93.058650
9333.0	91.830772
10149.0	91.569440
9954.0	86.112969
1961.0	88.000248
11257.0	93.905365
9722.0	93.176336
9400.0	92.548285
9083.0	92.815252
9650.0	87.554746
1985.0	89.230650
10709.0	95.029299
11160.0	94.813565
10532.0	94.392549
10548.0	93.301529
10708.0	87.126942
1990.0	88.486065
12748.0	93.568860
11851.0	92.411137
12567.0	91.679297
11501.0	91.164818
11055.0	86.139749
2470.0	87.836097
11916.0	91.108385
10548.0	90.805446
10097.0	90.110895
9704.0	89.612944
8891.0	85.461466
1984.0	87.013158
10020.0	90.296345
9950.0	91.353890
10287.0	90.574110
10413.0	91.741418
10837.0	86.671273
2190.0	88.165448
12169.0	92.465061
12654.0	91.792121
11112.0	91.433180
10919.0	90.854798
10237.0	86.398898
2486.0	88.454043
12146.0	90.297364
11384.0	89.993322
11487.0	90.490044
10830.0	89.926656
9859.0	84.470520
1604.0	86.056303
10352.0	89.430118
9960.0	89.942095
26545.0	98.370300
8601.0	91.021464
8689.0	83.980432
1654.0	85.808625
8692.0	90.985205
8878.0	89.268262
8036.0	89.639703
8162.0	89.561443
9117.0	84.119986
1436.0	85.538459
9441.0	90.120189
8995.0	87.885089
9461.0	88.030454
10011.0	86.527299
11651.0	79.825365
2499.0	82.858870
12198.0	86.698231
12279.0	85.213487
12091.0	83.868784
12988.0	86.055080
12571.0	76.981736
1328.0	78.707020
12646.0	84.549904
13245.0	85.664086
13665.0	85.068256
14026.0	84.898176
13303.0	74.027237
2441.0	77.635877
14796.0	84.320777
13884.0	83.104219
14104.0	83.474446
13917.0	80.514726
13138.0	66.805297
1821.0	69.745085
14129.0	78.425558
12802.0	76.507788
12446.0	73.335256
12448.0	73.795608
11365.0	62.929802
1938.0	66.882114
14003.0	77.378603
14006.0	74.896296
12950.0	76.225194
11081.0	72.960893
11352.0	57.201934
2481.0	63.485006
12429.0	78.300053
13543.0	72.391934
10998.0	70.150744
11440.0	69.788722
10227.0	51.799996
1818.0	56.874984
15452.0	77.068439
14185.0	77.003936
12647.0	68.814740
9309.0	59.090318
7777.0	36.748840
1524.0	42.142234
9835.0	58.801292
9586.0	54.164927
15424.0	75.951485
7690.0	56.109116
6270.0	50.671339
1453.0	57.069166
7977.0	64.710695
9740.0	74.423164
8954.0	73.807762
8790.0	74.305769
8730.0	70.959146
1777.0	74.600917
9190.0	77.321189
9615.0	78.823178
8378.0	76.760241
8663.0	77.622304
8290.0	73.435345
1815.0	76.915078
8919.0	78.880122
7923.0	79.017638
7866.0	78.674310
7168.0	79.289385
7258.0	75.878899
1613.0	78.430110
7277.0	80.361269
6938.0	80.765552
6017.0	80.120435
6583.0	79.501909
6003.0	80.345541
2736.0	83.917315
6064.0	85.400168
6116.0	85.204245
5088.0	85.256088
4300.0	85.723948
4198.0	86.775946
1682.0	87.976649
3977.0	87.298476
4062.0	87.182301
3313.0	87.755191
3539.0	87.618051
3419.0	86.888599
1300.0	88.123939
3861.0	88.911368
3033.0	88.035275
3133.0	87.612341
3033.0	88.391398
3379.0	87.300312
989.0	88.172330
4197.0	88.612089
3092.0	87.628221
3858.0	87.662207
3261.0	87.707202
3716.0	87.613292
1060.0	88.414313
4540.0	88.607923
3140.0	87.698230
3641.0	87.913054
3631.0	86.795949
3314.0	86.672273
1856.0	88.469955
4010.0	87.252710
3717.0	87.014436
15920.0	90.003920
2170.0	85.842635
2853.0	84.201322
1428.0	86.764247
3567.0	87.798773
3995.0	87.908354
3259.0	86.797209
3737.0	86.625599
3441.0	86.040614
824.0	87.122649
4550.0	87.956015
3745.0	86.485804
3400.0	86.804950
4090.0	86.179978
4130.0	85.428366
1012.0	86.714182
4030.0	86.404364
4413.0	85.931135
4272.0	86.457888
4695.0	86.069032
4763.0	85.087305
950.0	86.587280
4476.0	86.844643
4924.0	86.273058
4692.0	85.853432
4863.0	85.571726
4465.0	83.563994
1649.0	86.683557
5059.0	86.236715
5006.0	86.449173
4945.0	85.232430
4879.0	85.145644
5260.0	83.377816
1558.0	86.386193
5717.0	86.073599
5603.0	84.177942
5476.0	84.134255
5418.0	83.702609
5296.0	81.889543
1155.0	84.139947
6150.0	84.620577
6321.0	84.824941
6326.0	81.688270
6101.0	82.218241
5642.0	79.413108
1551.0	83.008166
6094.0	83.758301
6105.0	83.178781
5751.0	81.481572
5598.0	81.851331
5411.0	79.219998
1294.0	82.557257
5552.0	81.084274
5475.0	82.134683
5464.0	80.313182
5234.0	81.580732
5645.0	79.833820
1919.0	83.897920
6180.0	85.239945
