7499.0	83.160966
2484.0	79.423665
2965.0	80.760447
967.0	85.244804
3178.0	85.873204
3150.0	85.518968
2958.0	85.642965
2795.0	86.175362
2672.0	86.371551
678.0	88.540926
2614.0	87.006052
2476.0	87.686874
1839.0	85.672648
1794.0	86.982612
2101.0	87.324259
1189.0	89.733383
2464.0	90.605308
2224.0	90.944346
2244.0	91.345580
2382.0	92.003768
2122.0	90.712937
1435.0	93.159748
2508.0	92.796449
2476.0	92.936560
2643.0	93.542921
2842.0	93.286235
4279.0	93.273000
2341.0	94.593957
3265.0	93.755492
2955.0	93.963347
3095.0	94.201081
3288.0	93.933755
2755.0	93.979362
2227.0	95.656613
3155.0	95.052601
2802.0	94.891219
3251.0	94.807058
3228.0	95.016921
3546.0	95.040181
2022.0	96.102695
3398.0	95.294784
3999.0	95.785532
4504.0	95.597561
3564.0	95.419514
3444.0	94.349171
1956.0	95.948637
3974.0	94.655956
3660.0	94.763170
3678.0	94.755302
3640.0	94.910965
4163.0	94.718044
2090.0	95.973943
4322.0	95.275727
4371.0	95.232643
4348.0	95.070731
4324.0	94.935353
4160.0	94.457126
3476.0	95.637779
4494.0	95.438322
5049.0	95.627143
15643.0	96.624692
3670.0	95.427907
3723.0	94.477464
1804.0	95.633508
4246.0	96.427620
3304.0	96.682161
2100.0	94.760484
1904.0	94.523712
2292.0	94.251708
4762.0	95.091977
3018.0	95.374214
4441.0	95.134389
2859.0	94.907354
3323.0	95.305132
4408.0	94.695799
912.0	95.042661
3029.0	95.481958
4448.0	95.665235
5495.0	95.455425
4335.0	95.457422
4699.0	95.456671
749.0	95.579905
3815.0	95.583925
4674.0	95.523261
3389.0	95.340468
4843.0	95.456473
4008.0	95.341850
639.0	95.320316
5339.0	95.404760
4567.0	95.568080
5081.0	95.267264
4131.0	95.260151
5136.0	95.371793
709.0	95.392749
4786.0	95.372262
5320.0	95.522047
10281.0	94.784688
6672.0	95.341518
6000.0	94.846057
831.0	94.890990
7357.0	95.415651
5795.0	95.301799
6329.0	95.477041
6275.0	95.529261
6662.0	94.874355
782.0	94.924564
7065.0	95.583760
8021.0	95.320768
6769.0	95.826353
7674.0	96.318418
6704.0	95.521967
918.0	95.604342
8943.0	95.932778
7530.0	96.419725
9659.0	96.631555
9244.0	96.427454
7291.0	95.325207
2312.0	95.765173
8783.0	96.887600
6996.0	97.002436
28024.0	97.543167
4497.0	96.328277
4923.0	95.047865
1324.0	95.115495
6328.0	96.628483
8052.0	96.706400
6880.0	97.014763
4804.0	96.290183
4989.0	95.340695
3494.0	95.735320
7570.0	96.776576
7777.0	96.785401
6316.0	96.551469
4926.0	96.770700
5595.0	95.514753
4125.0	95.664445
6473.0	96.733557
7758.0	96.870746
7297.0	96.983113
4888.0	96.887867
7080.0	95.866912
4212.0	96.311947
9175.0	97.080901
6864.0	97.034797
6035.0	97.158208
6814.0	97.132138
5351.0	95.752742
3784.0	96.106729
6596.0	97.275052
6824.0	97.450538
9092.0	96.767532
5960.0	96.960512
7108.0	95.372828
5787.0	95.704080
6679.0	97.194090
7046.0	97.392817
6821.0	97.124008
6493.0	97.102094
6809.0	95.313010
1061.0	95.496225
6701.0	97.298005
6756.0	97.379921
6657.0	97.291825
6515.0	96.938781
6567.0	95.427820
1061.0	95.562078
6562.0	97.474215
6416.0	97.690409
5671.0	97.006158
5080.0	96.827636
5172.0	94.738848
3437.0	95.533076
6222.0	97.329415
4895.0	96.763937
4618.0	96.946039
4795.0	96.494374
4810.0	94.653695
2390.0	95.363221
5504.0	97.036867
5247.0	96.970722
19871.0	97.668861
3449.0	96.463392
3145.0	95.104084
1913.0	95.856530
4818.0	96.497489
4105.0	96.745967
4767.0	96.288804
4481.0	96.298940
4371.0	95.279183
1765.0	95.809036
5535.0	96.387681
5002.0	96.493656
5428.0	96.361252
5379.0	95.462529
6100.0	94.956736
2089.0	95.565907
5290.0	95.709009
5373.0	95.427968
4945.0	94.888745
5121.0	94.845681
4648.0	92.691271
2213.0	93.632066
4924.0	93.801927
3767.0	92.717720
4378.0	92.852149
3592.0	93.784713
3768.0	93.694089
5082.0	94.775303
3668.0	95.097232
3313.0	94.875869
4129.0	94.473194
3346.0	94.665627
2460.0	94.212501
4672.0	95.016736
4535.0	94.750530
2595.0	94.875142
3262.0	94.677397
3988.0	94.784206
2183.0	94.436077
1007.0	94.767789
4224.0	95.460643
3207.0	94.712939
4108.0	94.971849
3559.0	94.979839
3375.0	94.898016
982.0	95.046188
4128.0	94.913975
2245.0	94.816353
2662.0	95.430577
3946.0	95.140422
2454.0	95.007851
580.0	95.102079
2375.0	95.389685
3041.0	95.471868
1763.0	95.355931
3137.0	95.388796
2604.0	95.508112
283.0	95.487082
2227.0	95.524325
2422.0	95.445411
12933.0	95.526076
2974.0	94.787891
3146.0	94.439362
953.0	94.701323
3708.0	94.957590
4284.0	94.976430
4726.0	95.164918
4192.0	94.901626
3990.0	94.583230
910.0	94.885487
4592.0	95.449936
4136.0	95.333511
5024.0	95.537278
4698.0	95.331017
3888.0	94.723613
596.0	94.824783
4049.0	95.200929
5189.0	95.159391
5969.0	95.136185
5295.0	95.069664
4755.0	94.942818
566.0	94.975627
5425.0	95.542454
5376.0	95.496221
5443.0	95.186597
5008.0	95.512961
5557.0	94.520115
730.0	94.671943
5507.0	95.462817
6379.0	95.785704
5805.0	95.601223
6394.0	95.698072
5642.0	95.338985
743.0	95.409561
6236.0	95.960148
5534.0	96.263635
10490.0	95.282860
5470.0	95.724764
6119.0	95.524288
1394.0	95.643318
5421.0	96.743539
5905.0	96.242670
5762.0	96.036172
6001.0	95.970002
5993.0	95.091037
607.0	95.176871
5843.0	95.766211
6130.0	95.568663
6291.0	95.789938
5712.0	95.343958
5889.0	94.871134
604.0	95.013811
5857.0	95.578517
6220.0	95.883598
6823.0	95.636582
8150.0	95.710368
9788.0	91.533315
3981.0	92.902810
11241.0	87.793606
11858.0	85.642382
38983.0	94.320008
11083.0	88.676083
12721.0	87.891010
621.0	88.063234
11232.0	91.054874
11221.0	92.184100
10351.0	92.388646
11202.0	94.004309
11874.0	89.890158
1407.0	90.337208
14321.0	97.670440
11736.0	97.099358
8720.0	91.982850
3743.0	84.982571
3961.0	73.155903
486.0	74.087382
3948.0	78.340216
4331.0	78.375284
5040.0	78.467266
6654.0	82.915146
7020.0	79.675015
1442.0	80.798748
13431.0	89.131834
16601.0	92.864037
14222.0	92.639204
12235.0	91.070028
10776.0	83.868850
1620.0	85.188510
12490.0	88.988416
9577.0	85.666525
7166.0	78.894073
6276.0	77.022722
5370.0	69.506452
1144.0	72.072455
8979.0	81.026434
11152.0	84.056916
12175.0	86.239318
14815.0	89.097246
12970.0	84.503437
1922.0	85.576330
13289.0	88.989690
10846.0	87.922438
8106.0	81.798018
7671.0	80.096414
6081.0	70.612496
1048.0	73.145715
7245.0	78.747281
9630.0	84.875161
9793.0	86.020826
12440.0	89.676548
13037.0	87.346050
1770.0	87.952235
15658.0	93.115598
12739.0	92.446215
11469.0	90.942472
10125.0	89.828277
7893.0	81.703395
1469.0	84.031476
8987.0	89.462132
8508.0	90.019773
14018.0	94.812003
7006.0	92.833397
6526.0	89.698325
2437.0	91.881109
9295.0	94.967855
10124.0	95.283286
10606.0	95.100903
9931.0	93.581515
9086.0	86.432515
1768.0	88.357495
9760.0	93.163804
10197.0	92.767867
9113.0	91.588051
8471.0	88.417471
8307.0	83.206469
1590.0	85.335721
9051.0	90.078446
7972.0	89.241093
7798.0	88.512274
7943.0	90.367109
8262.0	85.195541
2621.0	88.180266
9716.0	93.505034
9254.0	92.702612
9729.0	93.200588
9412.0	91.512137
9579.0	85.522799
1523.0	87.010012
10240.0	90.831947
10226.0	90.550872
11045.0	89.675826
10367.0	89.582921
10078.0	84.729991
2159.0	86.369531
11529.0	90.850168
9779.0	89.743835
9354.0	88.912938
8989.0	88.366306
8250.0	84.148461
1708.0	85.760388
8507.0	87.874813
7780.0	87.788789
8802.0	88.513573
9285.0	89.786206
9628.0	84.582018
2539.0	86.809082
11057.0	90.908554
11711.0	90.614302
10599.0	90.417685
10339.0	90.006869
10392.0	86.421667
2056.0	88.217251
10800.0	89.275952
9995.0	88.747042
9826.0	88.272634
9928.0	88.496717
8814.0	82.177244
2205.0	85.030296
10591.0	89.453959
9122.0	88.093484
25348.0	98.066612
7550.0	88.942625
7696.0	81.655742
1392.0	83.508523
6586.0	86.505147
7053.0	85.044994
6481.0	85.336491
6255.0	84.771008
7158.0	78.882388
1750.0	81.204659
7465.0	84.981113
8054.0	84.848202
7701.0	83.386554
9184.0	84.080587
10618.0	77.719463
1754.0	80.104153
10892.0	84.506701
10252.0	81.447103
10792.0	81.099457
10988.0	81.205648
11168.0	73.463931
2471.0	77.904155
12984.0	84.800541
12538.0	84.679830
13086.0	84.170094
13203.0	82.660501
12099.0	72.396967
1794.0	75.010676
14599.0	83.741292
13189.0	81.716794
12838.0	80.714276
12938.0	78.393368
12658.0	65.670467
2055.0	69.185906
13562.0	78.388986
11863.0	74.879102
10875.0	68.967565
11152.0	70.160539
9849.0	58.584110
2195.0	64.034275
11671.0	71.222143
10975.0	66.750743
10006.0	66.863402
9882.0	67.312577
9544.0	51.792560
1683.0	56.697641
11788.0	75.801081
12550.0	70.288629
10949.0	70.890730
11335.0	69.624348
8770.0	46.693530
1902.0	52.568209
14078.0	75.121877
12711.0	72.384619
10797.0	63.756504
8353.0	54.159538
7860.0	36.672307
1484.0	41.894127
10270.0	61.121994
10859.0	58.989430
15027.0	74.804076
6426.0	49.178717
4801.0	42.679590
899.0	47.143266
5737.0	53.238768
6151.0	60.150444
6878.0	64.289195
6853.0	65.295093
7189.0	64.390665
2715.0	72.108093
8486.0	75.486499
7959.0	74.022691
7934.0	75.490131
7725.0	74.413894
7557.0	71.712143
1361.0	74.510718
7504.0	75.735653
6964.0	76.227887
6919.0	75.148997
5832.0	74.729638
5769.0	70.418627
2746.0	77.221236
7020.0	79.226323
6707.0	79.800486
6342.0	80.409155
6132.0	78.679988
5697.0	79.473973
3134.0	83.682086
4768.0	83.282991
5223.0	82.584389
4372.0	83.528513
4290.0	84.229147
3130.0	84.580600
2155.0	86.576206
3638.0	85.633182
3641.0	85.674212
2942.0	86.405399
3103.0	86.705812
3168.0	85.955213
854.0	86.543011
3324.0	88.255280
2650.0	86.579991
2933.0	86.613683
2732.0	86.623104
3020.0	85.923921
729.0	86.718044
3676.0	87.389324
2874.0	86.720982
3397.0	86.158303
2896.0	86.609842
3287.0	86.032115
751.0	86.936237
4066.0	87.571331
3501.0	87.268315
3273.0	86.225905
3295.0	85.916342
2846.0	85.266631
1734.0	87.340778
3932.0	86.821366
3909.0	86.517116
15009.0	88.905275
1699.0	84.159445
2798.0	83.770529
775.0	85.176833
3108.0	86.573533
3570.0	86.503974
2993.0	85.560921
3447.0	85.373238
3182.0	84.686957
1678.0	87.448613
3820.0	86.575714
3419.0	84.990605
3070.0	85.567686
3778.0	84.786679
3785.0	83.852214
583.0	84.637390
4289.0	86.436017
3984.0	84.640406
3820.0	85.110602
4246.0	84.996996
4348.0	83.708348
601.0	84.635439
4205.0	85.807190
4580.0	84.946817
4162.0	84.053667
4193.0	83.493429
4181.0	82.178695
1259.0	85.135773
4712.0	84.918846
4347.0	84.161768
4513.0	83.721428
4302.0	82.346462
4649.0	79.992086
1719.0	84.993810
5130.0	83.959494
5232.0	82.822840
5138.0	82.270612
5147.0	82.254217
5137.0	80.214012
964.0	82.925760
6321.0	84.353915
5481.0	82.342691
6020.0	80.825068
5736.0	81.027494
5123.0	77.726978
1546.0	81.780501
5195.0	81.453446
5308.0	80.800997
5567.0	80.995668
5544.0	81.471909
4885.0	77.972439
1460.0	82.323641
5427.0	80.843302
5330.0	81.319793
5194.0	79.676226
4995.0	81.132794
5187.0	77.929179
1844.0	82.501746
5370.0	82.765346
