7499.0	83.160966
2484.0	79.423665
2775.0	80.449842
985.0	84.300514
3020.0	85.169185
3159.0	85.557509
2996.0	86.060673
2608.0	85.624050
2372.0	84.696590
986.0	87.960085
2546.0	86.493009
2498.0	87.656468
1788.0	85.189536
1781.0	86.603696
2053.0	86.849532
1308.0	90.123377
2520.0	90.082614
2239.0	90.437007
2358.0	91.551061
2316.0	91.539027
2079.0	90.511958
1380.0	92.806443
2512.0	92.957438
2563.0	92.989056
2643.0	93.718952
2530.0	93.506210
4027.0	92.853855
3329.0	94.932590
3123.0	94.575999
2830.0	93.664052
2894.0	94.525074
2914.0	93.060633
2969.0	93.460546
1747.0	95.327096
3242.0	94.900598
2864.0	95.188658
3229.0	94.914756
3125.0	95.091720
3547.0	95.011753
1584.0	96.117871
3296.0	95.129039
3485.0	95.368090
3858.0	94.924393
3570.0	95.131804
3135.0	94.254561
2315.0	95.892535
3739.0	94.522084
3809.0	94.581100
3844.0	95.151937
3705.0	94.749431
3659.0	94.794273
2242.0	95.977634
4274.0	95.393930
4241.0	95.253331
4034.0	94.995550
4244.0	95.008991
4557.0	94.636114
3285.0	95.701209
4519.0	95.887088
4725.0	95.347212
15643.0	96.624692
3666.0	95.304130
3538.0	94.804956
1720.0	95.609509
4341.0	96.713174
2883.0	96.513000
2212.0	94.560132
1872.0	94.444489
1522.0	94.264605
4855.0	94.746758
3083.0	95.191579
4438.0	95.252493
2922.0	95.278950
2850.0	95.470457
4314.0	94.971024
1112.0	95.066449
3099.0	95.342969
4055.0	94.902883
5568.0	95.516194
4145.0	95.748408
4458.0	94.864505
1031.0	95.014669
3803.0	95.731642
4820.0	95.703151
3379.0	95.683267
4934.0	95.530577
3991.0	95.029426
594.0	95.131292
5452.0	95.498033
4120.0	95.650573
5162.0	95.431934
4085.0	95.488405
5043.0	95.403887
771.0	95.530112
4816.0	95.499039
5472.0	95.604687
10006.0	95.370771
6829.0	95.096183
6022.0	94.779344
839.0	94.877588
6688.0	95.406784
5966.0	95.371696
6289.0	95.463227
6162.0	95.498028
6571.0	94.792921
767.0	94.797345
7166.0	95.235785
7185.0	95.251291
7018.0	95.649920
7772.0	96.359692
6685.0	95.481940
948.0	95.512352
8805.0	95.971823
7489.0	96.366331
8547.0	96.338558
8161.0	96.163609
7310.0	95.352525
1923.0	95.813667
7842.0	96.628102
6414.0	96.665541
28024.0	97.543167
4497.0	96.328277
4923.0	95.047865
2789.0	95.397471
6238.0	96.742711
5200.0	96.300134
4811.0	96.624820
4967.0	96.369930
5051.0	95.253590
936.0	95.311971
6636.0	96.695810
5499.0	96.464931
6372.0	96.484485
5042.0	96.808344
5737.0	95.360624
4391.0	95.567528
6363.0	96.718923
5021.0	96.725001
5111.0	96.538151
5176.0	96.672391
5456.0	95.625742
4348.0	95.988100
9580.0	97.251287
7144.0	96.998299
6690.0	97.345051
6747.0	97.014200
6311.0	95.910401
4235.0	96.313181
6535.0	97.282337
6792.0	97.548941
9204.0	96.947496
6029.0	97.038295
7045.0	95.284870
5792.0	95.652948
6624.0	97.005040
6944.0	97.332078
6951.0	97.045095
6499.0	97.180613
6689.0	95.044203
1055.0	95.326400
6656.0	97.142486
6716.0	97.081350
6712.0	97.272908
6534.0	97.126699
6698.0	95.475739
1095.0	95.610489
6556.0	97.423975
6423.0	97.486044
5671.0	97.176374
5027.0	96.887639
5190.0	94.759789
2837.0	95.507039
6316.0	97.372205
4763.0	96.710500
4728.0	97.085999
5319.0	96.699480
4712.0	94.744565
2491.0	95.581872
5739.0	97.178937
4244.0	96.789389
19871.0	97.668861
3278.0	96.213835
3403.0	95.291711
1896.0	95.948604
4887.0	96.693742
3890.0	96.366633
4784.0	96.283767
4473.0	96.258917
4202.0	95.044998
1647.0	95.694421
5507.0	96.297137
4952.0	96.460901
5407.0	96.533014
5165.0	95.317832
5715.0	94.390776
2154.0	95.539091
5352.0	95.634532
5467.0	95.089529
4484.0	94.756547
4979.0	94.283720
4520.0	92.438517
1866.0	93.741681
4688.0	93.860946
4236.0	93.204212
4665.0	93.775226
3986.0	93.908662
3696.0	94.047628
1919.0	94.608779
3687.0	95.118702
3388.0	95.052291
4235.0	94.638733
3076.0	94.706539
2570.0	94.347573
4429.0	94.692400
4771.0	94.907580
2715.0	94.950925
3307.0	94.763935
3927.0	94.813665
2161.0	94.627319
1124.0	94.919934
4200.0	95.504818
3132.0	94.872472
3977.0	95.028378
3436.0	95.201569
3343.0	95.055026
1004.0	95.222419
4183.0	95.198396
2267.0	94.934185
2646.0	95.577503
3428.0	94.886666
2751.0	94.808716
524.0	94.877347
2317.0	95.226829
3036.0	95.336313
1520.0	95.169241
3201.0	95.185356
2640.0	95.289091
423.0	95.303996
2244.0	95.393570
2167.0	95.252528
12933.0	95.526076
2974.0	94.787891
3146.0	94.439362
953.0	94.701323
3708.0	94.957590
4284.0	94.976430
4726.0	95.164918
4273.0	94.951346
4262.0	94.803044
515.0	94.857166
4124.0	95.171082
4148.0	95.361657
5009.0	95.509872
4682.0	95.229547
3963.0	94.696471
645.0	94.813758
4084.0	95.247293
4701.0	94.990122
5940.0	95.097983
5407.0	95.165726
4713.0	94.600723
611.0	94.657637
4897.0	95.627627
5396.0	95.548941
5468.0	95.432065
5011.0	95.582505
5560.0	94.605893
785.0	94.763878
5457.0	95.325736
6395.0	95.806252
5936.0	95.614121
6415.0	95.725873
5691.0	95.097056
623.0	95.178407
6310.0	96.058850
5453.0	96.167668
10661.0	95.170891
5449.0	95.267651
6071.0	95.240841
1407.0	95.369839
5394.0	96.360018
5941.0	96.269694
5874.0	95.757412
6071.0	95.833616
6006.0	94.961183
645.0	95.001284
5701.0	95.552938
6054.0	95.556264
6377.0	95.695058
5707.0	95.474656
5841.0	95.001689
578.0	95.170281
5976.0	95.553334
6256.0	95.935002
6899.0	95.887308
8049.0	95.655741
9747.0	91.393883
4018.0	92.791111
11031.0	87.916736
11665.0	85.748322
38908.0	94.265858
11353.0	89.074228
12685.0	87.970236
725.0	88.143931
11092.0	90.853904
11493.0	92.374748
11852.0	93.582500
11218.0	94.531230
11773.0	90.198979
1494.0	90.653832
14398.0	97.963113
12205.0	97.720012
9288.0	92.894861
4188.0	86.284354
3292.0	70.485188
657.0	72.531317
3326.0	75.099169
3422.0	74.037202
4111.0	74.360205
5699.0	78.189780
7507.0	80.057493
987.0	80.820284
11471.0	87.288823
15478.0	91.702482
14335.0	91.837417
11263.0	90.343862
10515.0	83.707191
1464.0	84.995060
11892.0	88.540029
9039.0	84.534938
6574.0	77.116718
4977.0	72.300037
5194.0	67.040847
529.0	68.386867
7032.0	75.258819
9197.0	79.351638
10975.0	84.081712
12420.0	85.335523
13227.0	82.514018
1699.0	83.455038
16251.0	90.701715
12397.0	89.999193
9119.0	83.995818
7400.0	79.850804
5135.0	66.652028
1036.0	69.668948
5844.0	75.209459
6798.0	78.462962
9687.0	84.683087
11616.0	87.959511
13700.0	87.339885
2437.0	88.727848
15489.0	92.942240
13482.0	92.878375
12903.0	92.232503
10027.0	90.110844
6651.0	79.213485
1328.0	81.651519
7166.0	85.257048
7364.0	88.251024
14018.0	94.812003
6508.0	91.680379
7121.0	89.960431
2138.0	91.827219
10643.0	96.121936
10892.0	95.983369
11556.0	95.805103
10596.0	94.975192
8916.0	86.422206
1934.0	88.538836
9710.0	93.558883
9967.0	92.505766
9087.0	91.124458
8677.0	89.300145
7863.0	82.526156
1994.0	85.927055
9065.0	90.797714
7741.0	89.385841
7789.0	89.180973
7878.0	89.883667
7437.0	83.285568
1616.0	85.104537
9200.0	92.632066
9896.0	93.127535
9460.0	92.587575
9663.0	91.997915
9769.0	85.889468
2798.0	88.292802
11502.0	92.312682
10064.0	90.727211
11526.0	90.089963
10767.0	89.987040
10254.0	84.669048
1797.0	86.103431
9604.0	88.328270
8726.0	87.189798
9415.0	88.238298
8971.0	88.277953
8664.0	84.876443
1872.0	86.042010
9641.0	89.493108
8496.0	89.042952
9439.0	89.594758
9844.0	90.960114
10119.0	85.599824
2145.0	87.083361
9538.0	89.485361
10196.0	88.906813
9751.0	89.051963
9402.0	88.496448
9520.0	84.810537
2297.0	86.974239
10715.0	88.670300
9637.0	87.551561
9942.0	88.155120
9959.0	88.608501
9682.0	83.678974
1631.0	85.515103
9013.0	86.896747
8312.0	86.556582
25348.0	98.066612
7527.0	88.857627
7703.0	81.683583
1729.0	84.190468
7227.0	87.856771
7606.0	86.718639
7146.0	86.798188
6711.0	86.776087
7550.0	80.893746
2233.0	83.675279
8462.0	87.753959
7743.0	85.464644
8041.0	84.500195
8848.0	83.353497
10568.0	77.532188
1684.0	79.975489
11815.0	85.588606
11059.0	82.806561
11672.0	83.009762
11610.0	83.570936
11795.0	75.542920
1494.0	77.487278
12655.0	84.966985
12177.0	84.099187
12863.0	83.548955
12381.0	82.072021
12777.0	73.370242
1991.0	76.251619
13494.0	82.704716
12800.0	80.963353
12238.0	79.161532
12550.0	77.786334
11168.0	62.424522
1537.0	65.339630
12025.0	74.290228
11301.0	72.644672
11161.0	69.669949
11033.0	70.402038
10018.0	58.811161
2120.0	63.818449
12990.0	75.157166
12053.0	68.949923
10118.0	68.063167
9865.0	67.915541
9616.0	52.118332
1601.0	57.247685
11480.0	74.518412
12061.0	68.882794
10252.0	68.050658
9391.0	61.581173
8210.0	44.618786
569.0	46.250779
11777.0	66.981466
11818.0	68.607487
11284.0	64.079185
9302.0	59.288377
7819.0	36.216419
1461.0	41.581053
10353.0	60.314789
9688.0	54.995123
14772.0	74.500621
5726.0	44.451437
4120.0	36.629541
948.0	42.755430
5689.0	53.204550
7034.0	64.229470
6456.0	62.754047
7570.0	68.638234
6949.0	63.808211
1517.0	67.817139
7027.0	70.492908
7605.0	72.025702
7066.0	72.195770
7076.0	71.764800
6946.0	69.652861
1638.0	73.534828
6803.0	73.025073
6613.0	73.879991
6494.0	73.600264
6163.0	75.525886
6213.0	71.547057
2467.0	77.332125
6746.0	78.452066
6024.0	78.406037
5972.0	79.054094
6193.0	79.232548
5347.0	78.400836
2014.0	81.733913
5096.0	83.061433
5290.0	82.541088
4350.0	82.849159
3660.0	82.826023
3983.0	85.686049
1574.0	86.393066
3645.0	86.084797
3762.0	86.072567
2939.0	86.513381
3216.0	86.711183
3057.0	85.678075
851.0	86.587112
3450.0	87.681407
2751.0	86.286552
2841.0	86.345636
2647.0	86.392730
3021.0	85.867352
697.0	86.812890
3681.0	87.441624
2794.0	86.610359
3468.0	86.675292
2901.0	86.372070
3346.0	86.397530
669.0	86.936884
4036.0	87.593596
2872.0	86.398132
3418.0	85.843368
3362.0	85.733970
2990.0	85.630101
713.0	86.531213
3730.0	86.462886
3718.0	86.152911
15009.0	88.905275
1699.0	84.159445
2376.0	82.511787
1436.0	85.744008
3068.0	86.572311
3063.0	85.093497
3154.0	85.926188
3462.0	85.750068
3102.0	84.528406
602.0	85.535298
3547.0	85.177266
3583.0	84.993251
3148.0	85.246974
3808.0	84.903626
3483.0	82.830113
1097.0	84.852294
3782.0	85.634580
4073.0	84.748092
3868.0	85.493941
4330.0	84.923463
4396.0	83.814556
577.0	84.932549
4171.0	85.277037
4167.0	83.634101
4268.0	84.392340
4345.0	83.776408
3870.0	81.611094
1593.0	85.206802
4692.0	85.202558
4710.0	85.373066
4360.0	83.348187
4248.0	82.452826
4689.0	80.794384
1634.0	85.002927
5188.0	84.057440
5181.0	82.671483
4766.0	81.783424
4918.0	81.549509
4899.0	79.169625
1409.0	83.017017
5379.0	82.080302
5547.0	81.648331
6109.0	80.683859
5167.0	79.255146
5071.0	77.319199
1692.0	82.065686
5269.0	81.724285
5382.0	80.808767
5319.0	79.957259
5216.0	79.971380
4910.0	77.352298
1433.0	81.893036
5417.0	80.812458
5272.0	81.877991
5604.0	81.183629
5002.0	81.096445
5286.0	78.414062
1618.0	82.826758
5376.0	82.882568
