5777.0	71.836243
1539.0	69.067175
1795.0	69.952416
791.0	76.282316
1950.0	77.133610
1923.0	77.262585
1849.0	77.343997
1756.0	78.710151
1622.0	79.633720
780.0	83.621724
1648.0	80.836567
1571.0	82.052717
1147.0	78.671422
1037.0	79.286270
1224.0	79.601425
1297.0	87.209009
1600.0	85.106369
1767.0	87.396464
1501.0	87.351573
1427.0	86.030073
1444.0	86.653156
2088.0	89.193575
1606.0	88.636932
1592.0	88.205479
1708.0	89.774485
1696.0	90.039229
1682.0	89.347731
1203.0	91.762239
1771.0	91.510298
1826.0	92.114544
1622.0	91.709075
1808.0	91.533196
1657.0	91.678580
1426.0	94.088473
1663.0	92.702916
1581.0	92.788742
1930.0	93.333141
1880.0	92.969720
1829.0	92.477636
1179.0	94.076044
1969.0	93.250776
2245.0	93.596655
2070.0	92.708545
2131.0	93.272170
2030.0	92.073255
1522.0	94.367801
2153.0	92.268320
2049.0	92.091408
2161.0	92.996745
2231.0	92.653640
2113.0	92.643194
3983.0	94.054478
2671.0	93.007305
2257.0	92.645684
2315.0	92.301238
2420.0	92.625821
2816.0	92.085096
2086.0	94.261956
2883.0	94.063592
2684.0	93.592118
10814.0	95.679782
2068.0	93.435848
2214.0	93.073306
1067.0	94.848785
2182.0	95.259243
1076.0	94.509415
1210.0	92.104096
981.0	92.368505
729.0	92.710574
437.0	92.959333
810.0	93.102327
640.0	92.846814
873.0	93.040655
768.0	92.936525
910.0	92.923855
502.0	93.379846
908.0	93.596563
898.0	92.915121
1680.0	92.735321
1400.0	93.325022
1599.0	93.036694
182.0	93.317977
1475.0	93.690642
1172.0	94.124723
1390.0	93.839612
2003.0	93.461589
1595.0	93.517623
855.0	93.905991
2106.0	94.012137
1906.0	94.492619
2345.0	94.324130
1923.0	93.903969
2234.0	94.081318
355.0	94.354070
1991.0	94.565555
2431.0	94.356631
2712.0	93.450513
2382.0	93.721302
3256.0	93.629080
412.0	93.831970
3085.0	94.346994
2920.0	94.328205
3455.0	94.131163
3336.0	94.192036
3500.0	93.145577
457.0	93.393124
3732.0	94.234432
3963.0	94.077196
4066.0	94.623989
4407.0	95.244844
4201.0	94.574443
610.0	94.856333
5440.0	95.084378
4749.0	95.458616
5916.0	95.463669
5513.0	95.372159
4781.0	95.053528
646.0	95.237590
4949.0	95.871418
4389.0	95.902687
14052.0	96.847373
3320.0	95.357557
3402.0	94.216641
443.0	94.409183
3130.0	96.011895
3931.0	95.751041
3437.0	95.779740
3535.0	95.523060
3433.0	94.220454
2363.0	95.168268
3760.0	96.203980
3840.0	95.347485
4349.0	95.859825
3501.0	95.887235
3792.0	94.626985
2521.0	95.492880
3612.0	96.006604
3672.0	96.005105
3958.0	95.928294
3866.0	96.299533
4146.0	95.101584
1813.0	95.463150
4936.0	96.263586
3995.0	96.299423
4144.0	96.303228
5070.0	96.122841
4147.0	95.128642
2016.0	95.498398
3557.0	96.388498
4117.0	96.763781
6126.0	95.602274
4047.0	96.147604
4713.0	94.030628
792.0	94.229864
4169.0	96.237744
4576.0	96.324249
4985.0	96.481812
3841.0	95.781881
3931.0	94.225541
1115.0	94.614815
4921.0	96.583592
3999.0	96.312784
3893.0	96.196000
3873.0	95.983922
3942.0	94.642895
1120.0	94.995242
4749.0	97.052814
3721.0	96.874512
4698.0	96.479145
3998.0	96.401400
4167.0	94.244244
1085.0	94.564632
3681.0	96.386762
3774.0	95.930226
3446.0	96.413114
2957.0	95.170053
3037.0	93.184165
2275.0	94.752727
3314.0	96.335349
3181.0	95.878590
15397.0	97.300199
2260.0	95.381475
1975.0	94.169282
986.0	94.707312
2900.0	95.568068
2438.0	94.841390
2717.0	94.774496
3016.0	94.735262
3102.0	93.872020
1402.0	94.977996
3839.0	95.038182
2634.0	94.609179
2634.0	93.653935
2789.0	92.431127
2913.0	91.291917
1123.0	92.548941
2929.0	92.600908
3055.0	93.026245
3192.0	92.286691
2833.0	91.722489
2745.0	89.176244
1482.0	91.274143
3640.0	92.820492
2899.0	91.374758
3058.0	91.149767
2875.0	92.515374
2577.0	92.027455
1669.0	93.361941
2939.0	93.596575
2436.0	93.608436
2744.0	93.207493
2431.0	93.953359
1859.0	92.993100
421.0	93.191730
2117.0	93.195132
1570.0	93.598643
1950.0	93.456405
1868.0	93.185503
1186.0	93.084602
1177.0	93.369239
2019.0	93.873836
1898.0	93.248103
1900.0	93.865120
1711.0	94.365968
2010.0	93.600186
941.0	94.095355
1992.0	94.294406
1256.0	93.852335
1703.0	94.426860
1295.0	93.964666
1904.0	94.054801
387.0	94.248647
1518.0	94.231922
1346.0	94.187434
922.0	94.272400
1325.0	94.232952
934.0	94.077836
240.0	94.150607
1126.0	94.351000
1139.0	94.205820
9650.0	94.566611
1027.0	93.463199
1411.0	93.612181
727.0	93.734035
2095.0	93.853617
2194.0	93.875938
3003.0	93.910178
2833.0	93.762007
1949.0	93.265822
799.0	93.783820
2590.0	94.182035
2329.0	94.227933
2987.0	94.375763
2825.0	94.111797
2173.0	93.269393
384.0	93.526393
2264.0	94.127503
2596.0	94.043304
3166.0	93.723173
3071.0	93.821727
2327.0	93.409064
419.0	93.513697
2768.0	94.355046
3052.0	94.318606
3282.0	94.137417
2683.0	94.253571
3252.0	93.454137
445.0	93.547719
3560.0	94.463733
3589.0	94.490806
3266.0	94.363992
4013.0	94.612639
3433.0	94.212425
355.0	94.351417
3680.0	95.196905
3271.0	95.186190
4893.0	94.366465
3359.0	94.976401
2967.0	94.651122
327.0	94.654472
2666.0	96.117785
3024.0	95.468771
2981.0	94.984676
3213.0	94.875967
3197.0	93.917660
321.0	94.071450
3083.0	94.767870
3199.0	94.203157
3064.0	94.286055
3060.0	94.054099
3091.0	93.580193
308.0	93.812410
3369.0	94.180503
2996.0	94.253194
3411.0	94.255027
4588.0	94.167847
6322.0	89.159274
2422.0	90.712815
7284.0	83.565507
7707.0	80.561991
30313.0	92.714758
7422.0	83.871614
8844.0	84.192382
918.0	84.656622
8013.0	86.626923
7266.0	86.270245
7534.0	87.469034
7025.0	87.912195
8560.0	84.660089
1966.0	85.794773
12481.0	95.371207
8516.0	93.069751
8063.0	89.944511
3857.0	84.014558
2876.0	67.397402
323.0	67.980710
2822.0	71.570816
2654.0	69.614574
2790.0	67.823997
2823.0	66.600430
2720.0	62.394579
901.0	65.828081
4006.0	69.801002
4454.0	70.279354
5161.0	71.836885
6729.0	76.165574
7746.0	73.049389
1203.0	74.114801
9862.0	80.198012
8614.0	80.036348
6900.0	76.062533
4795.0	70.920738
3158.0	57.391169
612.0	59.602941
3129.0	57.515124
3423.0	56.355035
3327.0	56.454386
3372.0	56.968429
3910.0	55.181317
785.0	58.194934
5118.0	64.458043
6075.0	70.912211
7730.0	75.129574
9916.0	81.478382
8782.0	76.706815
1565.0	78.337360
7903.0	81.970356
7528.0	81.244914
6088.0	76.901495
3553.0	63.922031
3316.0	58.869497
614.0	62.260272
3823.0	63.797540
3168.0	62.327259
3503.0	60.409863
3841.0	66.338951
4195.0	64.023606
1282.0	68.649463
5068.0	76.416192
5633.0	81.315137
9543.0	88.781274
4917.0	86.557486
5085.0	85.247912
1862.0	88.649744
6535.0	90.767912
6917.0	90.272431
6592.0	87.392999
5921.0	84.802141
5286.0	76.669853
1392.0	80.140366
6371.0	86.431240
5779.0	81.253856
4704.0	77.731012
4032.0	72.274470
3728.0	65.821148
779.0	68.860715
3897.0	71.904741
3666.0	72.247644
3570.0	71.025492
3585.0	71.244702
4648.0	71.354799
1951.0	76.877666
5602.0	82.499710
6395.0	84.632585
6286.0	84.918189
6267.0	83.767699
5541.0	74.981147
1507.0	78.250666
6112.0	80.472752
6174.0	80.379807
6224.0	76.703920
5716.0	75.964014
5725.0	71.751735
1411.0	74.627487
6358.0	77.595836
5704.0	76.337152
5781.0	77.140646
4761.0	75.450397
4754.0	71.928278
1484.0	74.997351
4988.0	76.217663
5362.0	78.844302
5395.0	78.201471
5118.0	77.673057
4874.0	70.415847
1657.0	74.840089
5917.0	78.479972
6303.0	78.056416
5964.0	78.336569
5709.0	77.539894
5197.0	72.352533
1275.0	75.536513
6347.0	77.991025
5867.0	76.100981
5559.0	75.319903
5472.0	76.067728
5233.0	70.564760
1447.0	73.948251
5728.0	76.226032
5299.0	76.141239
18922.0	94.268787
3104.0	72.475848
2883.0	59.047603
740.0	63.203019
2783.0	64.382784
3025.0	62.987249
2969.0	63.851723
3495.0	67.581709
3189.0	57.638003
1551.0	64.872039
4336.0	69.329108
4740.0	71.060544
5048.0	70.731972
5568.0	69.111464
6305.0	63.348631
1767.0	68.546646
7211.0	72.336295
6464.0	67.637825
6794.0	67.253697
6635.0	66.959313
6451.0	57.144378
1619.0	62.267770
7467.0	70.576124
7076.0	69.238370
7542.0	67.328873
6453.0	61.446707
7145.0	55.031901
1693.0	60.203757
8336.0	67.346276
6778.0	60.076986
6553.0	58.826099
6756.0	55.738667
5655.0	38.242232
1964.0	47.543909
6732.0	54.121579
6073.0	49.643397
5314.0	42.243310
5554.0	43.633221
5677.0	37.339836
1127.0	42.191262
6894.0	50.976306
6302.0	44.845612
6642.0	51.342910
6500.0	51.770413
6793.0	37.938278
1229.0	43.009720
6604.0	53.777764
7584.0	50.314348
7064.0	51.390777
7665.0	53.813990
7461.0	39.683571
1244.0	44.272117
8677.0	56.196777
8917.0	58.134318
8966.0	53.897766
8318.0	54.219486
7812.0	35.618425
992.0	38.585437
7481.0	48.550472
6678.0	42.142624
7651.0	50.913407
4978.0	39.152332
4120.0	36.216241
744.0	40.446580
3938.0	40.783220
3816.0	44.365334
3822.0	43.885216
3643.0	44.209180
3634.0	40.947344
778.0	46.090335
3418.0	46.842767
3592.0	47.517298
3565.0	49.230691
3696.0	52.401488
3535.0	47.983909
704.0	52.337044
3307.0	51.432937
3131.0	51.869590
3097.0	51.712847
2786.0	53.397804
2869.0	49.856462
1018.0	55.815570
3413.0	59.771964
3235.0	60.542212
3037.0	60.779500
2881.0	59.993242
2731.0	61.212493
1398.0	64.631600
2815.0	68.709074
2754.0	68.137030
2468.0	69.509363
2572.0	72.880232
2357.0	76.430034
1413.0	78.817743
2778.0	79.702771
2476.0	79.368409
1222.0	78.913726
1458.0	78.240637
1499.0	77.612094
1526.0	80.438987
1703.0	80.882419
1883.0	80.202624
1899.0	80.815146
1765.0	80.579913
1275.0	77.859577
1725.0	81.693735
1831.0	80.386280
1753.0	79.894494
1580.0	78.770628
1482.0	77.948210
1795.0	77.923986
1795.0	82.036376
2198.0	79.850304
2062.0	81.280569
2195.0	80.072180
2280.0	79.745607
1665.0	78.862098
1241.0	81.667951
2045.0	79.872835
2246.0	79.806145
11241.0	83.275312
803.0	76.844411
1464.0	75.530027
467.0	77.436134
1773.0	78.464476
2052.0	78.779367
2051.0	79.624279
2203.0	78.830549
1860.0	77.071833
896.0	79.800335
2373.0	79.121395
2409.0	78.644947
2156.0	79.508496
2017.0	76.105739
2197.0	74.594768
1491.0	79.775315
2564.0	79.275718
2345.0	76.757663
2316.0	76.235537
2588.0	75.594457
2635.0	75.606988
632.0	77.803961
3024.0	79.306387
2692.0	75.806316
2790.0	75.462812
2912.0	75.748790
2811.0	74.158772
648.0	76.753516
2867.0	75.996763
2924.0	76.186089
3220.0	75.835907
3128.0	75.006622
3361.0	73.215967
652.0	75.957270
3640.0	76.649717
3756.0	75.739558
3264.0	73.080440
3313.0	73.221787
3230.0	71.182765
1187.0	76.331234
3968.0	74.715182
3534.0	71.065275
3864.0	70.535609
3697.0	69.989744
3466.0	67.891998
573.0	70.903775
3796.0	73.579615
3381.0	69.911117
3528.0	69.919104
3509.0	71.252643
3319.0	68.073047
495.0	70.361078
3972.0	73.998955
3369.0	70.423093
3619.0	70.922862
3363.0	72.295374
3622.0	69.832626
553.0	72.058787
3922.0	75.173957
