7099.0	81.048608
2204.0	77.194704
2433.0	77.236736
1239.0	84.149154
2680.0	82.688300
2789.0	82.667822
2593.0	83.790975
2418.0	83.696527
2146.0	83.453898
1107.0	85.801042
2323.0	85.575371
2229.0	85.853696
1630.0	83.389462
1750.0	85.726722
1925.0	85.158566
1230.0	88.394368
2077.0	88.181354
1958.0	89.740239
2206.0	90.847182
2266.0	90.697884
1951.0	90.442687
1102.0	92.289375
2128.0	91.742943
2390.0	91.866268
2352.0	92.643812
2253.0	92.360533
2173.0	92.012417
1165.0	93.471313
2649.0	93.171867
2902.0	92.796795
2703.0	93.801560
2449.0	92.988760
3517.0	93.058158
1943.0	94.864726
2656.0	94.128191
2785.0	94.409751
3145.0	94.823999
2860.0	94.349445
2920.0	93.720253
1572.0	95.594192
2856.0	94.981677
3328.0	95.056984
4062.0	95.196407
3771.0	95.445771
3101.0	94.201128
1934.0	95.757675
3335.0	94.160466
3451.0	94.388390
3680.0	95.153042
3150.0	94.365693
3823.0	94.732609
2167.0	95.825945
3954.0	95.095040
3863.0	94.995119
3273.0	94.181568
3862.0	94.353395
3652.0	93.869212
2653.0	95.180693
4176.0	95.287544
4270.0	95.011801
14684.0	96.599678
3873.0	96.010422
3323.0	94.486940
1644.0	95.593552
3993.0	96.594080
2579.0	96.358555
2291.0	94.380481
1883.0	93.927320
1486.0	94.003915
241.0	94.222103
1310.0	94.555035
1373.0	94.169608
1356.0	94.854265
1263.0	94.498861
1570.0	94.369456
4894.0	94.979839
3232.0	95.064451
1638.0	94.755538
2669.0	94.533122
2187.0	94.753437
2132.0	94.261858
4130.0	94.717362
3809.0	95.079369
2812.0	94.912042
3826.0	95.154136
4615.0	94.907052
3707.0	94.880338
1144.0	95.261769
4957.0	95.495128
4207.0	95.817177
5204.0	95.458769
3933.0	95.531116
4470.0	95.347289
1030.0	95.496834
4249.0	95.380688
4931.0	95.389497
4606.0	94.078137
7301.0	94.727262
5869.0	94.325345
1474.0	94.761761
6683.0	95.460368
5522.0	94.919788
5697.0	95.214514
5555.0	95.148031
5952.0	94.242249
1550.0	94.511650
6608.0	95.247630
6424.0	94.651846
6170.0	95.500605
6939.0	96.050820
5954.0	95.003026
1667.0	95.335087
7852.0	95.549359
6821.0	96.169481
8809.0	96.198133
5622.0	95.745435
5126.0	94.999125
3697.0	95.442148
8111.0	96.590059
4561.0	96.376682
18798.0	97.263172
4106.0	96.111340
4527.0	94.917441
436.0	95.131032
3960.0	96.512800
5126.0	96.432657
4392.0	96.480525
4573.0	96.302267
4611.0	95.082003
581.0	95.260475
5163.0	96.649620
5038.0	96.311611
5796.0	96.127188
4612.0	96.622304
5162.0	95.208335
1135.0	95.412764
4969.0	96.749629
5132.0	96.553021
4960.0	96.557153
5209.0	96.716602
5032.0	95.708509
4060.0	95.904354
6577.0	96.862593
5353.0	96.637513
5918.0	97.159784
6841.0	96.836938
5165.0	95.698557
4259.0	96.038570
7152.0	97.257454
5259.0	97.320919
8294.0	96.576786
5525.0	96.851277
6413.0	94.993082
1054.0	95.246162
6937.0	97.092440
6224.0	97.271269
7035.0	96.978027
6528.0	97.002707
6742.0	95.301149
1023.0	95.352093
6623.0	97.224505
6768.0	97.133334
4762.0	96.959900
4768.0	96.641700
5084.0	95.121099
2653.0	95.562786
6768.0	97.286809
4728.0	97.327653
5900.0	97.105601
5096.0	96.829732
4746.0	94.571406
3059.0	95.393776
4839.0	97.095538
4763.0	96.780990
4296.0	97.062076
4603.0	96.254158
4803.0	94.776160
2472.0	95.498634
4252.0	96.717875
4055.0	96.854778
19871.0	97.668861
3096.0	96.084802
3032.0	95.104580
1876.0	95.834681
4031.0	96.436733
3982.0	96.081744
4048.0	96.033310
4046.0	96.194039
3808.0	94.788269
2315.0	95.803258
5376.0	95.844996
4707.0	96.034860
4510.0	95.982350
4412.0	94.659561
4768.0	93.662628
2742.0	95.218944
5334.0	95.569157
4788.0	94.516977
3764.0	93.790836
4194.0	93.582134
4010.0	90.941013
2807.0	93.300638
4704.0	93.811518
4380.0	93.610998
4084.0	92.826089
3662.0	93.612789
3440.0	93.286708
1562.0	94.358262
3518.0	94.704446
3206.0	94.469139
3840.0	94.448761
3112.0	94.610257
2756.0	94.280744
4704.0	94.524051
2715.0	94.331903
1944.0	94.482991
2458.0	94.125943
2664.0	94.170550
1518.0	94.026866
2805.0	94.297943
3884.0	94.918560
3227.0	94.551351
2470.0	94.678348
2184.0	94.653642
2735.0	94.248499
2258.0	94.691794
2780.0	94.973512
3379.0	94.757987
2057.0	95.222414
3521.0	94.922343
2230.0	94.478211
1060.0	94.835437
2217.0	95.333193
2721.0	95.010502
1759.0	95.073511
2983.0	95.151275
2374.0	95.195627
614.0	95.279529
2092.0	95.386920
2164.0	95.262822
12933.0	95.526076
1519.0	94.637053
2030.0	94.102043
2969.0	94.752317
3362.0	94.742040
3764.0	94.524684
4325.0	94.623161
4177.0	94.911712
3751.0	94.524609
984.0	94.879058
4276.0	95.511591
4172.0	95.486324
4515.0	95.403132
4333.0	95.160530
3693.0	94.514574
916.0	94.720175
3785.0	94.899093
4743.0	95.169370
5318.0	94.992090
4822.0	94.665124
4188.0	94.146711
1196.0	94.402482
5040.0	95.314119
5541.0	95.499303
4820.0	94.943622
4315.0	95.317229
4904.0	94.185000
1319.0	94.672250
5619.0	95.238323
5737.0	95.242537
5343.0	95.158790
5783.0	95.456585
5202.0	94.864834
1171.0	95.198592
5600.0	95.486311
5029.0	95.864118
5251.0	94.710366
4100.0	95.150008
3831.0	94.889221
4193.0	95.434002
5174.0	96.143522
5655.0	96.013347
5384.0	95.716914
5757.0	95.737404
5640.0	94.539799
1125.0	94.796018
5418.0	95.532950
5600.0	95.187504
5685.0	95.210856
5379.0	95.079552
5354.0	94.387902
1102.0	94.871990
5992.0	95.615043
5736.0	95.406882
6132.0	95.165930
7256.0	95.253612
8677.0	90.889428
5065.0	92.766102
10058.0	87.145851
9627.0	82.872690
35492.0	93.858329
9915.0	87.466348
11011.0	86.935637
793.0	87.098926
10175.0	89.335451
10608.0	90.743557
9577.0	91.171824
9952.0	92.637777
10236.0	88.332397
2104.0	89.465495
14730.0	97.336718
10599.0	96.186863
8456.0	91.445775
3887.0	84.954448
2906.0	68.280332
319.0	69.080413
3093.0	73.110804
3115.0	72.147476
3711.0	72.441692
3946.0	72.232291
4754.0	70.433383
1490.0	73.284339
9563.0	84.364557
10431.0	86.546245
13766.0	90.139127
12616.0	89.855072
11260.0	83.946012
1603.0	85.064819
12425.0	88.809821
9513.0	85.686597
7269.0	78.599308
5290.0	74.226273
5095.0	68.261583
998.0	70.779887
6803.0	75.636057
6922.0	75.278431
8521.0	79.470458
11164.0	83.585075
11936.0	80.965293
2397.0	82.526032
11743.0	86.744651
10482.0	86.400056
9992.0	85.136658
7966.0	81.005906
6022.0	71.062195
858.0	73.001543
6663.0	78.220372
6929.0	79.197700
7832.0	82.106418
7715.0	80.620777
9992.0	82.036740
1962.0	84.114757
13777.0	90.857571
12015.0	91.158364
11172.0	90.209288
8511.0	87.248991
7139.0	80.337040
1030.0	81.764154
6647.0	84.325261
5553.0	83.726990
12682.0	93.593085
6156.0	90.777098
6097.0	88.929681
1813.0	90.849367
9204.0	94.550554
10176.0	95.125659
9703.0	93.964877
9038.0	93.066308
7680.0	84.305408
1897.0	86.786785
7765.0	90.515977
7674.0	87.934827
7448.0	87.600036
6965.0	84.299443
6850.0	78.970527
1232.0	81.051356
6997.0	85.269611
6383.0	85.190626
6476.0	85.184770
6859.0	87.114720
6802.0	81.334588
1723.0	84.090681
8315.0	90.577097
7773.0	89.461296
8514.0	90.269354
8222.0	89.099495
7287.0	81.084023
1484.0	83.355910
8796.0	87.689965
8827.0	87.998418
9280.0	86.353681
9000.0	86.382556
8660.0	81.767218
1927.0	83.578524
9267.0	86.808584
8587.0	86.274628
8360.0	86.084556
8050.0	86.086225
7651.0	81.505986
1606.0	82.888218
7968.0	85.759189
8385.0	87.976067
7976.0	86.991192
8888.0	89.149656
9298.0	84.204726
2096.0	85.897404
9272.0	88.899930
10004.0	88.209940
9340.0	88.056371
9399.0	88.158195
8947.0	84.019225
1324.0	85.552561
9697.0	87.386713
9401.0	86.666340
9570.0	87.095836
8594.0	85.475573
8126.0	80.337426
1462.0	82.414427
8056.0	84.418548
7856.0	85.361910
23088.0	96.997759
6880.0	87.095144
6950.0	79.595991
969.0	81.180036
6299.0	85.493255
6447.0	82.947835
5807.0	83.522318
5610.0	82.653429
6237.0	76.219687
1251.0	78.770663
6646.0	82.991452
6698.0	81.568471
6998.0	80.896166
8504.0	81.719837
8828.0	73.250221
1594.0	76.303354
9190.0	79.635547
9377.0	78.306405
9828.0	77.913630
9176.0	77.599998
9226.0	68.223743
1660.0	71.244449
10962.0	81.002975
11466.0	82.175860
11767.0	80.689565
11726.0	79.315975
11825.0	71.106735
1973.0	74.249062
13645.0	82.185897
12268.0	79.629977
11972.0	78.540665
11638.0	75.850923
11112.0	62.758783
2436.0	68.252760
12361.0	76.330042
10607.0	71.733305
9442.0	63.804669
9831.0	65.984592
8902.0	54.655863
1992.0	60.602673
11471.0	71.326346
9877.0	63.451659
8819.0	62.226664
8556.0	61.020785
7939.0	43.225246
1380.0	48.577777
9879.0	68.596782
11033.0	65.548256
8966.0	61.240798
9312.0	61.619719
7405.0	39.333616
1241.0	44.189621
11505.0	67.240243
11477.0	68.057215
9967.0	60.096156
8238.0	53.365299
7819.0	36.898915
1416.0	42.561169
9195.0	56.495871
7565.0	46.063601
13175.0	71.021155
4950.0	39.450529
4068.0	37.313101
841.0	41.677235
4775.0	47.820287
5698.0	57.728087
5912.0	59.463415
5729.0	59.916379
5801.0	57.994428
2124.0	65.661402
6996.0	70.409715
7082.0	70.040571
6672.0	70.357814
6861.0	70.860678
6541.0	67.551517
1679.0	71.944460
6505.0	71.458137
6289.0	72.792927
6142.0	72.922956
5358.0	72.214147
5350.0	67.857601
2236.0	74.419295
6337.0	77.199086
5511.0	76.176136
5289.0	77.134672
5572.0	76.506125
4783.0	76.143790
1650.0	79.089320
4605.0	81.182995
4690.0	80.582729
3855.0	80.736351
3198.0	80.994641
3160.0	83.483634
2015.0	85.599346
2815.0	83.831292
3124.0	83.434066
2399.0	84.305392
2611.0	84.216762
2656.0	83.575770
1403.0	85.325252
3151.0	86.669132
2173.0	84.454042
2335.0	84.487051
2193.0	84.878759
2441.0	84.051184
1452.0	85.856554
3409.0	85.871026
2107.0	84.851962
2822.0	84.697393
2404.0	84.462983
2854.0	84.209866
1302.0	85.882664
3751.0	85.871905
2248.0	84.513894
2853.0	84.131097
2794.0	83.500332
2537.0	83.762400
2202.0	85.946598
3553.0	85.576440
2617.0	83.447222
13867.0	88.205935
1476.0	82.896005
2031.0	80.699805
1507.0	84.821665
2762.0	85.209851
2420.0	82.920177
2581.0	83.232800
2898.0	82.634085
2653.0	82.233837
1058.0	84.535343
2899.0	83.052603
2945.0	82.381574
2740.0	82.857113
3233.0	82.780127
3095.0	80.806793
1336.0	83.919652
3144.0	83.314829
3555.0	82.768954
3370.0	83.364901
3767.0	82.892245
3716.0	81.168013
1127.0	83.657005
3493.0	83.585111
4064.0	83.043624
3959.0	82.455304
3758.0	80.969235
3506.0	79.098079
1654.0	83.441708
4139.0	82.548027
4113.0	82.203819
4019.0	81.376972
3967.0	80.600231
4179.0	78.641608
1638.0	83.935030
4792.0	82.821876
4686.0	81.304211
4228.0	79.833121
4334.0	78.915212
4389.0	78.030743
803.0	80.246594
4999.0	79.828599
5012.0	79.794125
5518.0	79.109248
5304.0	79.627868
4697.0	75.930719
994.0	79.091301
4742.0	79.108797
4836.0	78.723476
4792.0	77.689138
4771.0	78.506475
4555.0	74.809087
919.0	78.122932
4669.0	76.814240
4365.0	77.103604
4605.0	76.404581
4420.0	78.208915
4634.0	76.012342
1461.0	80.649453
4988.0	81.105624
