6749.0	78.776999
1913.0	74.149216
2100.0	74.044011
946.0	80.635022
2471.0	81.584731
2506.0	82.199735
2323.0	81.150563
2235.0	82.943681
2048.0	83.136138
295.0	84.385510
2208.0	85.189107
1898.0	84.143152
1518.0	82.619715
1501.0	84.311451
1483.0	83.035952
1675.0	87.005050
1975.0	86.561056
1818.0	88.811785
1743.0	88.679736
1942.0	90.194452
1947.0	89.528337
825.0	91.236128
1846.0	90.644771
2227.0	91.147910
2071.0	91.976403
2024.0	91.913028
1993.0	91.898704
1420.0	93.675237
2121.0	92.692989
2270.0	93.320899
1953.0	92.877116
2060.0	91.867607
1946.0	91.763587
3555.0	94.109896
3344.0	93.241437
2172.0	94.101211
2687.0	94.134924
2480.0	93.725226
2493.0	93.535350
1827.0	95.129360
2479.0	94.137152
2904.0	94.594309
3253.0	94.046782
2890.0	94.291350
2602.0	93.287041
2155.0	95.539149
3058.0	94.171361
2998.0	93.932469
3109.0	94.158552
3230.0	94.384950
3543.0	94.843527
1613.0	95.707663
3287.0	94.167686
3596.0	94.878032
3063.0	93.790131
3438.0	93.995309
3766.0	93.929981
1942.0	95.194104
3686.0	95.051826
4024.0	94.948384
12158.0	95.899031
3071.0	94.860368
2959.0	93.994197
1416.0	95.172259
2582.0	95.220217
2017.0	95.604703
1560.0	93.478395
1462.0	93.835934
1078.0	93.473554
758.0	93.876349
1236.0	94.505714
982.0	93.745456
1411.0	94.339446
1140.0	94.825355
1038.0	94.050772
510.0	94.227729
1184.0	94.190410
1604.0	94.358752
2512.0	94.286022
1978.0	94.439737
2013.0	94.085011
273.0	94.112251
1873.0	94.813744
1872.0	94.729613
1769.0	94.415607
2459.0	94.336471
1993.0	94.480393
3822.0	94.769340
4781.0	94.971909
3887.0	95.273785
4722.0	95.033326
3882.0	94.963034
4541.0	95.112651
1223.0	95.395160
4341.0	95.572549
4542.0	94.794656
4171.0	93.946339
3228.0	93.968699
3618.0	93.468595
4569.0	94.230680
6218.0	95.085790
5416.0	94.952507
5725.0	95.305087
3441.0	94.697041
3616.0	93.597716
4697.0	94.410185
5819.0	95.053746
6454.0	94.853351
4141.0	95.196463
4664.0	95.670790
4484.0	94.606729
5168.0	95.596077
8107.0	95.522118
4916.0	95.804832
6152.0	95.794399
5865.0	95.637213
5243.0	94.979104
4174.0	95.358884
5208.0	96.178160
4675.0	96.133587
17557.0	97.154363
3519.0	95.812058
3621.0	94.624804
1227.0	95.054072
3700.0	96.062249
4784.0	96.154364
4447.0	96.536954
3590.0	95.663266
3799.0	94.610891
2120.0	95.318878
4669.0	96.525844
5117.0	96.173875
4542.0	95.921128
4443.0	96.219357
4028.0	95.037074
2377.0	95.664392
4428.0	96.443543
4665.0	96.205555
4598.0	96.260573
4757.0	96.472676
5060.0	95.419530
839.0	95.616866
6077.0	96.594503
4881.0	96.505098
5411.0	96.912409
5549.0	96.489527
4376.0	95.281062
1934.0	95.610094
5078.0	96.981456
4955.0	96.905375
6521.0	96.002128
4216.0	96.383582
5073.0	94.532080
2349.0	95.142829
6377.0	96.773565
4570.0	96.612356
5343.0	96.514890
4909.0	96.621922
5161.0	94.808329
2347.0	95.173763
5152.0	96.779221
5126.0	96.900401
5208.0	96.821171
4999.0	96.739612
5050.0	94.903729
2474.0	95.333195
4924.0	97.181717
4931.0	97.176228
5268.0	96.748976
4642.0	96.819953
4717.0	94.542161
1424.0	95.012034
4842.0	97.127684
4303.0	96.415253
3902.0	96.513260
4110.0	95.746418
4164.0	94.212484
1658.0	95.161218
3950.0	96.660563
3959.0	96.643849
17248.0	97.253149
2861.0	95.951835
2803.0	94.841708
1163.0	95.397168
3612.0	95.839751
3160.0	96.068341
3589.0	95.623632
3432.0	95.684229
3873.0	94.597266
2238.0	95.520094
4598.0	96.147748
3799.0	95.228373
4037.0	95.391224
4073.0	94.530302
4947.0	93.902181
1950.0	94.804720
4443.0	94.784500
4429.0	94.814400
4338.0	94.713572
3507.0	93.268008
3602.0	90.739981
2419.0	92.547297
4043.0	93.652127
3330.0	92.517256
3752.0	92.771737
2945.0	93.213837
2896.0	92.822007
2040.0	93.723549
3513.0	94.431610
3022.0	94.202676
3298.0	93.852294
2485.0	93.854833
2607.0	94.051439
767.0	94.289692
2679.0	93.923038
2088.0	94.250464
2496.0	94.162298
2427.0	94.266428
1716.0	93.626476
4542.0	94.144654
2660.0	94.645496
2291.0	94.576590
2533.0	94.367988
2139.0	94.772450
2531.0	94.404820
2991.0	94.942341
2640.0	95.153510
1572.0	94.453520
1471.0	94.717115
1729.0	94.313120
2964.0	94.059364
1556.0	94.238194
2088.0	94.841819
2771.0	94.660800
1455.0	94.768762
2968.0	94.970854
2463.0	95.013967
1096.0	95.190384
1866.0	95.086455
1994.0	95.146299
12152.0	95.258733
1380.0	94.231733
1934.0	93.992377
2539.0	94.305914
3474.0	94.452841
2150.0	94.116861
3115.0	94.202041
3001.0	93.893421
2485.0	93.803312
3053.0	94.274843
3926.0	94.895133
3797.0	94.996070
4652.0	95.331267
4256.0	94.994310
3588.0	94.218840
1192.0	94.663876
3281.0	94.585913
4206.0	94.629294
5457.0	94.730062
3187.0	94.220244
3952.0	94.084339
2194.0	94.638155
4328.0	94.969628
4868.0	94.959364
3354.0	94.327166
3037.0	94.722024
3436.0	93.594800
2930.0	94.260993
5009.0	95.022202
3828.0	94.950134
3576.0	94.362863
4265.0	94.878576
3728.0	94.397345
3125.0	94.718179
5817.0	95.571093
3330.0	95.571072
5279.0	94.795061
3492.0	95.328338
3291.0	94.848353
5010.0	95.365327
2891.0	96.180766
3199.0	95.791307
3297.0	95.529035
3367.0	95.330801
3396.0	94.240268
4333.0	94.671688
5561.0	95.520139
3205.0	94.692056
3334.0	94.947258
3268.0	94.402362
3186.0	93.851899
4159.0	94.542341
5641.0	95.015722
3096.0	94.829330
3654.0	94.178724
5046.0	94.548133
7233.0	89.746262
4635.0	91.975683
9131.0	86.050854
8679.0	82.341268
34090.0	93.529878
6840.0	83.111715
7770.0	82.911389
2238.0	84.840594
9103.0	87.314046
8381.0	87.791732
6676.0	86.744462
7347.0	88.296828
8953.0	85.386842
2987.0	87.488399
13314.0	95.844733
11734.0	96.166964
12145.0	95.167120
5923.0	90.721418
4522.0	75.672863
1128.0	78.227338
4773.0	81.756917
4156.0	80.426744
3286.0	73.950693
3264.0	71.039732
2976.0	65.209121
1094.0	68.967531
5254.0	74.893835
6384.0	78.423377
7070.0	79.103652
9258.0	82.604359
11039.0	81.587189
2411.0	83.302099
10414.0	84.940745
9721.0	84.017907
9451.0	83.384605
6474.0	78.223512
5773.0	71.374353
1403.0	74.190997
7419.0	78.114301
6942.0	76.337053
6496.0	75.597804
6509.0	74.928375
6266.0	69.048037
1567.0	71.784161
9271.0	80.590197
10419.0	83.700838
10052.0	84.154725
8322.0	81.710907
6079.0	71.090703
1508.0	74.899893
6275.0	77.244336
6312.0	77.330380
6325.0	77.682220
5754.0	76.117533
6050.0	72.899799
1530.0	76.307211
9213.0	83.268556
11304.0	88.591296
10315.0	87.614981
8785.0	86.177292
8097.0	80.670305
1941.0	83.147739
7829.0	86.662134
6386.0	86.217627
11387.0	91.757557
3645.0	83.176955
3017.0	76.240947
1228.0	81.389996
4443.0	84.197397
5331.0	84.676942
8231.0	89.728343
7715.0	89.266897
7123.0	83.132267
1919.0	85.869290
7075.0	88.228390
7457.0	86.897156
7241.0	87.229734
6224.0	82.870493
5807.0	75.817880
1217.0	77.581926
6028.0	81.417850
6229.0	84.254772
5657.0	82.415495
5478.0	82.154953
6040.0	78.706868
2156.0	82.745691
7401.0	89.113011
7047.0	87.812206
7711.0	88.563395
7455.0	87.262478
7774.0	81.350810
2207.0	84.432037
8878.0	87.909383
7705.0	85.891995
8143.0	83.679725
7629.0	83.673785
7444.0	78.436980
1997.0	81.240354
8436.0	85.167048
7639.0	84.328589
7440.0	84.118620
7157.0	83.716108
6987.0	79.994318
2119.0	82.625903
7832.0	85.322972
6867.0	85.733989
7369.0	84.888070
7172.0	85.488915
7333.0	79.824124
1654.0	82.399031
7674.0	85.386116
7733.0	83.584413
7346.0	83.720939
7420.0	83.510973
7217.0	79.530752
1768.0	82.062194
8488.0	83.940528
7735.0	82.943963
7407.0	82.655324
6881.0	81.659743
6633.0	76.167280
1213.0	78.635846
6717.0	80.271726
6366.0	80.895483
21632.0	96.224295
4895.0	80.962800
4943.0	72.462477
1081.0	75.224398
5301.0	80.715217
5818.0	79.956646
5343.0	80.568915
5362.0	80.781436
6109.0	74.895251
1391.0	77.841842
6326.0	81.169655
5851.0	78.494515
6109.0	77.653201
6847.0	75.577654
7741.0	69.476454
1036.0	71.650256
7697.0	74.839416
7785.0	73.156468
7777.0	70.447861
7961.0	71.874399
7805.0	62.414565
1432.0	66.468062
8836.0	75.185788
9371.0	76.592874
9575.0	74.907341
9753.0	75.136681
9793.0	65.594602
1723.0	69.383441
10951.0	76.835399
10110.0	74.249625
8858.0	69.292753
9130.0	67.629103
8662.0	55.007998
2321.0	61.556820
9923.0	67.689217
9403.0	65.669409
8510.0	60.481119
8866.0	60.978628
8319.0	50.874378
1566.0	56.075256
9154.0	62.973240
8143.0	54.697538
7577.0	56.572953
7496.0	56.460263
6804.0	37.979834
1284.0	43.416214
8693.0	64.722123
9522.0	58.855911
8386.0	58.518916
8639.0	58.438068
7359.0	39.677545
1235.0	44.198186
10447.0	63.228276
9525.0	60.422970
9335.0	57.250381
8229.0	53.707422
7793.0	35.912526
1543.0	41.581187
8432.0	52.999547
6583.0	41.870296
12160.0	67.908052
4971.0	39.039095
4098.0	35.733157
792.0	40.714554
3938.0	41.390742
3776.0	44.724168
3745.0	44.410657
3705.0	44.077108
3609.0	42.037690
970.0	47.795665
4943.0	57.850077
5364.0	59.579128
4883.0	60.530483
5348.0	62.621208
5082.0	58.952663
1689.0	65.334997
5700.0	66.454800
4904.0	65.647665
4808.0	66.126884
4016.0	63.979327
4496.0	62.678952
1920.0	69.335472
5117.0	71.422681
5078.0	72.045168
4522.0	73.003174
4900.0	72.420387
4556.0	74.499901
2649.0	78.874280
3793.0	78.767756
4220.0	78.485492
3424.0	78.634062
2831.0	79.313949
2744.0	80.841497
1377.0	82.387985
2578.0	81.715019
2724.0	81.508179
2102.0	82.870726
2256.0	82.476197
2259.0	81.766876
955.0	82.994690
2478.0	84.105221
1918.0	82.685915
2105.0	82.472816
1855.0	82.632550
2203.0	82.136067
759.0	83.114429
2799.0	83.747299
1959.0	83.158327
2513.0	82.417903
2127.0	82.501142
2491.0	82.048520
762.0	83.168874
3169.0	83.742818
2834.0	84.070145
2341.0	82.358828
2414.0	81.880095
2119.0	81.796369
1301.0	83.693375
3088.0	83.327912
2961.0	83.030370
12987.0	86.417793
1196.0	80.671725
2148.0	80.318791
473.0	81.706805
2339.0	82.696529
2707.0	82.367435
2189.0	81.299220
2553.0	81.402030
2354.0	80.905154
1791.0	84.706695
2944.0	82.817773
2456.0	81.043300
2350.0	82.369539
2862.0	81.137440
2893.0	79.756429
636.0	81.355441
3425.0	82.553088
3095.0	80.377239
3038.0	80.908697
3391.0	80.764848
3404.0	79.836198
641.0	81.524678
3227.0	81.177493
3658.0	81.247808
3620.0	80.656946
3758.0	81.290890
3650.0	79.472030
525.0	80.728823
3771.0	81.150964
3742.0	80.999449
3573.0	79.018539
3541.0	77.788491
3848.0	76.966990
1272.0	81.053507
4578.0	81.532943
4226.0	79.001186
4211.0	78.453593
4212.0	78.571890
4119.0	76.849098
571.0	78.531734
5103.0	80.290045
4455.0	78.053415
4976.0	77.005865
4720.0	76.848353
4065.0	72.206645
1164.0	76.918561
4257.0	76.930969
4436.0	77.270111
4552.0	77.210040
4513.0	77.570491
4253.0	74.505702
511.0	76.278917
4467.0	76.721259
4436.0	77.269441
4583.0	76.530151
4353.0	78.140522
4579.0	75.039571
717.0	77.166232
4515.0	79.368447
