8077.0	84.750398
2808.0	81.506731
3399.0	82.744392
1220.0	86.521057
3442.0	86.797575
3591.0	87.017694
3406.0	87.609559
3103.0	87.587670
2916.0	87.760784
795.0	89.431089
2817.0	88.630487
2791.0	89.153511
2319.0	88.604492
2184.0	89.235940
2336.0	88.264726
1789.0	91.978772
3128.0	91.781140
2958.0	92.734032
2982.0	93.398146
2866.0	93.053965
2397.0	92.214366
3624.0	93.590289
3788.0	93.445188
3299.0	93.663238
3396.0	94.451484
3289.0	94.136469
3455.0	94.013566
2215.0	95.750110
3776.0	95.484956
3654.0	95.026723
3128.0	94.716530
3980.0	95.021690
3289.0	94.508008
2069.0	96.158559
3794.0	95.910010
3376.0	95.710243
3739.0	95.594007
3838.0	95.842189
4182.0	95.469038
2044.0	96.155928
4352.0	95.896881
4053.0	95.481724
4736.0	95.915922
4746.0	96.194961
5328.0	94.624705
4519.0	96.169935
6337.0	95.055935
5640.0	95.181906
6267.0	95.743149
5833.0	95.458595
5967.0	94.917684
2547.0	96.145350
6036.0	95.244102
6428.0	95.583232
5682.0	95.141254
7099.0	95.703700
6381.0	95.385886
3146.0	96.393694
7075.0	96.531937
7669.0	96.456846
18818.0	97.105542
5100.0	96.131322
4948.0	95.657251
2395.0	96.279241
4989.0	96.378404
4288.0	96.632314
5690.0	95.181327
4226.0	94.844407
4343.0	94.983938
565.0	95.075655
3161.0	95.554367
4821.0	95.265340
3010.0	95.276741
3006.0	95.756318
4710.0	95.401166
660.0	95.411343
3335.0	95.578597
4721.0	95.649075
5889.0	95.792956
4538.0	96.177747
4876.0	95.457534
545.0	95.430397
4105.0	95.644953
5228.0	95.942075
3674.0	95.744374
5288.0	95.425274
4237.0	95.447460
2460.0	95.680584
6213.0	95.781431
5307.0	96.020712
6654.0	95.715086
5348.0	95.833717
6618.0	95.492633
2895.0	95.711165
5096.0	95.905628
6178.0	95.813925
11528.0	95.323191
7185.0	95.277340
6747.0	95.183444
2794.0	95.402593
8654.0	95.824840
6366.0	95.654319
6935.0	95.651102
6547.0	95.581647
7170.0	94.799199
2583.0	95.130236
8168.0	95.738414
7571.0	95.427654
7358.0	95.921377
8382.0	96.197571
7006.0	95.496965
2606.0	95.715939
9675.0	96.161794
7998.0	96.463629
10594.0	96.541938
9818.0	96.664230
7977.0	95.687004
3547.0	95.979649
9437.0	96.853373
7632.0	97.032241
28354.0	97.387602
6618.0	96.631899
7534.0	95.536861
1933.0	96.023421
6219.0	97.032352
8605.0	97.065000
7408.0	97.229979
7932.0	97.052404
7989.0	96.040894
993.0	96.193011
8130.0	97.302371
8442.0	97.070162
9936.0	96.804178
7792.0	97.187670
8285.0	95.856835
2741.0	96.233438
7861.0	97.241112
8211.0	97.287497
8072.0	97.067859
8686.0	97.346728
7400.0	96.167962
2085.0	96.359440
10339.0	97.459044
7876.0	97.405931
7737.0	97.648364
10258.0	97.539068
7237.0	96.170089
1955.0	96.338675
7241.0	97.591613
7643.0	97.779205
14515.0	97.248987
9892.0	97.339816
10842.0	95.576093
3118.0	95.945628
10468.0	97.517322
10124.0	97.611790
11464.0	97.604772
7003.0	97.146593
7310.0	95.307330
5059.0	95.560310
11311.0	97.753865
7247.0	97.483614
7345.0	97.534576
7117.0	97.302725
7347.0	95.578172
5227.0	95.843669
7091.0	97.593051
7109.0	97.718017
8207.0	97.344407
6708.0	97.371152
6847.0	95.260560
1719.0	95.484617
6850.0	97.701220
7014.0	97.142832
6310.0	97.628061
6880.0	97.141021
6199.0	95.403641
1775.0	95.607346
6246.0	97.252104
5437.0	97.282512
24760.0	97.897213
3690.0	96.583939
3663.0	95.524108
1537.0	95.878067
5478.0	96.917820
4867.0	96.583180
5201.0	96.804168
5385.0	96.602612
4784.0	95.525069
4649.0	95.933540
6109.0	96.602226
5319.0	96.527428
6100.0	96.775206
5569.0	95.753109
6372.0	94.762387
4122.0	95.617577
5800.0	95.661486
6130.0	95.560350
5243.0	94.871119
5436.0	94.619779
4616.0	92.319585
4381.0	94.336390
5295.0	94.458979
4742.0	94.297463
4951.0	94.020396
4301.0	94.537693
4126.0	94.259824
4287.0	95.262201
5320.0	95.637505
4246.0	95.499655
5601.0	95.112529
4052.0	95.327173
3413.0	94.864205
2063.0	95.038143
4998.0	95.039981
2887.0	95.437829
3638.0	95.374535
4375.0	94.935742
2322.0	94.774959
528.0	94.814166
4467.0	95.552171
3563.0	95.250588
4491.0	95.178691
3799.0	95.254534
3738.0	95.090854
580.0	95.181934
4614.0	95.575164
2461.0	95.331373
2691.0	95.744271
4195.0	95.390439
2595.0	94.915497
2284.0	95.123245
2711.0	95.579319
3147.0	95.459043
2338.0	95.505022
3274.0	95.567526
2693.0	95.527780
1089.0	95.535710
2695.0	95.606237
2766.0	95.694120
21902.0	95.800370
3282.0	95.029803
3565.0	94.781396
573.0	94.758120
4071.0	95.417080
4576.0	95.368742
5305.0	95.256355
4661.0	95.272543
4568.0	95.143739
1980.0	95.452962
5340.0	95.595619
4343.0	95.580291
5490.0	95.485921
4958.0	95.511297
4155.0	94.697188
1879.0	94.994757
4798.0	95.507655
6109.0	95.355383
6317.0	95.175562
5648.0	95.060608
5047.0	94.773464
1840.0	95.052488
6272.0	95.711198
5767.0	95.488668
5852.0	95.375369
5456.0	95.544263
5981.0	94.795739
1989.0	95.075623
6868.0	95.640621
6851.0	95.750948
6352.0	95.542609
6995.0	95.838390
6242.0	95.360348
1880.0	95.527363
6640.0	95.887901
5851.0	96.396225
10786.0	95.327360
6202.0	95.559520
6697.0	95.512330
3107.0	95.761507
5804.0	96.696796
6526.0	96.473501
6389.0	96.199017
6718.0	96.274673
6550.0	95.247008
2184.0	95.427306
6129.0	95.890242
6638.0	95.731352
6727.0	95.802787
6237.0	95.615027
6140.0	95.094175
2023.0	95.338574
7473.0	95.810288
6513.0	96.026643
7456.0	95.740057
8703.0	95.904977
10614.0	91.847282
5241.0	93.298012
12959.0	89.198581
13638.0	87.608010
46216.0	95.941328
12116.0	89.879825
13289.0	88.244746
1220.0	88.657556
13216.0	92.361464
12059.0	92.942563
11592.0	93.607266
11471.0	94.716672
12643.0	90.574019
2023.0	91.238083
12951.0	97.400654
10872.0	96.580307
10086.0	93.258100
4879.0	88.614586
4435.0	74.902412
782.0	76.488997
5534.0	83.169085
6906.0	86.642712
8337.0	87.976451
11575.0	91.164311
13301.0	89.280791
2436.0	90.033645
17528.0	93.879612
17165.0	94.384492
15129.0	93.869528
12101.0	91.447911
10176.0	83.697655
1742.0	85.424935
12456.0	89.395928
11414.0	88.210510
9589.0	84.105015
8557.0	83.630509
7855.0	77.476216
1681.0	79.748088
11546.0	85.678400
15893.0	89.665060
15693.0	90.651979
13658.0	89.892648
12699.0	84.678165
1565.0	85.692926
14115.0	90.243241
13509.0	90.508508
11241.0	87.703119
10097.0	85.595461
6784.0	73.348346
1064.0	75.798939
8806.0	83.987662
13886.0	90.671827
15093.0	92.345793
13838.0	92.259078
13187.0	88.079714
2015.0	89.146813
15383.0	93.756123
14993.0	94.502416
14028.0	93.708673
12038.0	92.722848
10215.0	86.149695
1536.0	87.591610
11770.0	92.727561
10265.0	93.050997
18086.0	97.448289
8523.0	94.777674
7823.0	91.608550
2136.0	92.872162
10253.0	95.665920
12024.0	96.594716
12690.0	96.734064
11635.0	95.811939
11259.0	89.982412
1951.0	91.243957
10173.0	94.346465
10898.0	93.907372
10007.0	93.089026
10244.0	91.228032
10028.0	86.209266
2590.0	88.943911
10455.0	92.744825
9322.0	92.397922
9669.0	92.606118
9094.0	92.163923
10478.0	88.265440
2484.0	90.083855
11869.0	96.098006
11394.0	95.122712
11769.0	95.386900
11008.0	93.960531
10830.0	87.881983
2020.0	88.892056
12288.0	93.273247
11074.0	92.507837
13217.0	92.221919
12462.0	91.980877
12038.0	87.416432
2541.0	88.967127
12668.0	92.237407
11785.0	91.810729
11175.0	91.386366
10308.0	90.723613
9790.0	87.214457
2525.0	88.771647
10335.0	91.003254
9537.0	91.334426
10403.0	90.925071
10160.0	91.163249
11221.0	87.002230
2732.0	88.962139
12675.0	92.890949
12614.0	92.039289
11318.0	91.491089
11586.0	91.477104
11604.0	88.096609
2038.0	89.391633
14245.0	92.605863
12633.0	91.640232
12790.0	91.945694
11668.0	91.066679
10861.0	85.771241
1871.0	87.307263
12124.0	91.401280
10754.0	91.240495
28573.0	99.086243
8867.0	91.349833
8980.0	84.422894
1076.0	85.455518
8342.0	90.266074
7877.0	87.341662
7255.0	86.979061
7025.0	87.002392
8050.0	81.216117
2007.0	83.530671
9075.0	88.706102
9305.0	88.097988
8379.0	84.977251
9972.0	85.652894
11657.0	79.906903
958.0	80.894367
11526.0	85.443510
11907.0	84.832408
13146.0	85.896503
13254.0	85.841824
13279.0	78.257144
2347.0	80.815292
15440.0	89.340022
14801.0	88.274200
15666.0	88.412427
14544.0	85.740407
15290.0	78.059893
1673.0	79.660298
15371.0	85.980198
13267.0	82.196133
14704.0	84.608042
14462.0	81.600822
14839.0	70.153699
2617.0	74.239816
16621.0	84.151275
14776.0	80.716262
14603.0	77.905761
13550.0	77.248569
12433.0	65.730492
1613.0	68.156472
13017.0	75.613572
12513.0	71.455849
12512.0	74.982218
12076.0	74.962575
11733.0	58.709026
2483.0	64.312077
14250.0	83.023691
15341.0	78.574567
12326.0	74.800518
12295.0	73.809772
10289.0	52.264457
1246.0	55.329510
13939.0	73.250795
14323.0	76.008295
13903.0	72.891016
10862.0	64.997144
9534.0	43.843826
1645.0	48.385418
13353.0	68.498817
15266.0	70.271261
17326.0	79.670481
8070.0	57.226028
5205.0	44.375364
1480.0	51.801205
7046.0	60.556036
7172.0	64.806293
7883.0	69.301381
7485.0	69.217950
9573.0	71.633736
2599.0	76.608304
10666.0	81.423350
9549.0	78.263495
9298.0	79.241475
9620.0	79.465187
9251.0	76.264717
2370.0	80.478005
9296.0	80.417502
8866.0	80.849767
8134.0	79.707945
7442.0	80.561637
7867.0	77.602083
2216.0	80.934839
7386.0	81.868347
7514.0	82.550669
6997.0	82.330072
7328.0	82.347018
6399.0	82.081143
3159.0	85.943670
6590.0	86.369044
6627.0	85.948774
5723.0	86.573323
4744.0	86.728285
4895.0	88.337940
2313.0	89.493822
4507.0	88.436263
4537.0	88.340141
3797.0	89.120143
4017.0	88.902859
3970.0	87.895111
1719.0	89.280572
3184.0	89.236964
3632.0	88.987092
3654.0	88.749416
3464.0	89.307581
3874.0	88.627030
1651.0	89.697958
3677.0	88.608344
3652.0	88.896650
4354.0	88.520739
3753.0	89.300428
4156.0	88.175607
1527.0	89.517957
4087.0	88.732218
3761.0	88.930200
4252.0	88.467864
4234.0	88.301872
3528.0	88.014450
1795.0	89.456417
3986.0	88.415879
4320.0	87.816614
16880.0	90.886604
2483.0	87.118230
3217.0	85.499114
2052.0	88.602807
3334.0	88.318802
3947.0	87.839990
3883.0	88.452039
4232.0	88.228069
3887.0	87.476392
1201.0	88.965617
4237.0	88.139437
4409.0	87.369081
3891.0	88.256337
4698.0	88.180322
4096.0	86.259114
1993.0	88.612715
4417.0	87.975258
4865.0	87.320277
4693.0	87.854343
4949.0	87.183820
4884.0	85.567066
1087.0	87.355387
5000.0	88.207438
4838.0	86.405945
4793.0	86.315518
5027.0	86.102152
4877.0	85.398149
2231.0	88.697963
5516.0	87.653389
4871.0	86.277636
5406.0	86.653650
5259.0	85.692674
5734.0	84.292237
815.0	85.750981
6001.0	86.866589
6168.0	85.893160
5802.0	85.486848
5927.0	85.576716
5913.0	83.815802
1317.0	85.700073
6646.0	86.134247
6452.0	85.247679
6772.0	84.085795
6496.0	83.698222
5746.0	79.681115
2163.0	84.237892
6029.0	83.802579
5884.0	83.253586
6031.0	82.803051
5752.0	82.243944
5588.0	79.994428
1744.0	84.166819
6511.0	84.616084
5946.0	83.440815
6042.0	82.844314
5656.0	83.910693
5992.0	80.389031
2053.0	84.869036
6617.0	86.695855
