6305.0	75.802453
1683.0	70.704961
2036.0	74.923226
726.0	79.568390
2147.0	78.762372
2208.0	79.300869
2126.0	79.434193
1964.0	81.129388
1827.0	80.946925
728.0	84.137663
1825.0	81.866153
1855.0	83.325877
1283.0	79.959264
1271.0	81.722141
1305.0	80.475049
1666.0	86.270466
1905.0	85.623941
1713.0	87.944092
1682.0	88.136748
1640.0	88.349477
1684.0	88.354471
960.0	90.532126
1717.0	90.513944
1912.0	90.157408
1960.0	90.950321
1775.0	90.919314
1757.0	90.766941
807.0	92.760643
1876.0	92.325762
1970.0	92.565637
2126.0	92.837356
1944.0	91.749985
1830.0	91.799389
1157.0	94.044007
1815.0	92.764359
1935.0	93.339043
1939.0	93.066648
2041.0	93.073815
2188.0	93.488531
3038.0	94.427918
2184.0	92.900175
2695.0	93.525994
2917.0	94.162641
2627.0	94.034095
2939.0	92.546779
1959.0	94.614028
2550.0	92.317963
2708.0	92.958806
2607.0	93.440930
2584.0	92.648589
3107.0	93.699677
2185.0	95.303659
3038.0	94.014266
3534.0	94.147885
3009.0	93.578758
3224.0	93.956078
3148.0	93.415861
1901.0	94.939894
3370.0	94.833716
3828.0	94.674531
11458.0	95.627709
2416.0	94.399790
2622.0	93.234575
1258.0	94.309973
3002.0	95.143655
1820.0	95.435220
1341.0	92.578630
1173.0	92.692315
1177.0	92.885720
161.0	92.985246
909.0	93.239090
991.0	94.181409
895.0	93.825728
939.0	93.952974
975.0	93.479720
136.0	93.727066
895.0	93.612654
1156.0	93.864600
2015.0	93.829144
1598.0	93.840963
1578.0	93.907282
765.0	94.186198
1934.0	94.213742
1754.0	94.298214
1763.0	94.080662
2350.0	94.451736
1858.0	94.333520
816.0	94.486011
2238.0	94.454029
2008.0	94.768972
2349.0	94.436157
2044.0	94.628737
2318.0	94.403231
4037.0	94.728021
2584.0	94.985478
2497.0	94.723471
4183.0	93.951788
3306.0	94.311076
3053.0	93.713638
378.0	93.674198
3233.0	94.040926
3087.0	94.182016
3657.0	94.569039
3673.0	94.482045
3665.0	93.370922
4552.0	94.133790
6133.0	94.818515
4223.0	94.294840
4222.0	95.105980
4677.0	95.683912
4529.0	94.746840
3903.0	95.099932
5474.0	95.006502
5016.0	95.775374
6311.0	95.902982
5881.0	95.739439
5316.0	95.094248
4208.0	95.460801
5309.0	96.351750
4470.0	96.110209
17557.0	97.154363
3519.0	95.812058
3621.0	94.624804
1227.0	95.054072
3700.0	96.062249
3819.0	95.547519
3719.0	96.032049
3775.0	95.800861
3773.0	94.675532
1667.0	95.237568
4813.0	96.474892
4164.0	95.935302
4699.0	95.826004
3782.0	96.305022
4079.0	94.801258
1804.0	95.347759
4639.0	96.344384
4700.0	96.534140
4797.0	96.332730
3581.0	96.344104
4429.0	94.967219
2180.0	95.485613
6208.0	96.577433
4983.0	96.449078
5427.0	96.943753
6542.0	96.890418
5014.0	95.589894
815.0	95.689488
4485.0	96.779397
4994.0	96.797756
6663.0	96.193164
4265.0	96.275958
5093.0	94.759216
2358.0	95.226789
4430.0	96.431073
4868.0	96.722031
4744.0	96.377610
4543.0	96.292263
4493.0	94.560431
732.0	94.749149
4763.0	96.545506
4653.0	96.510793
4776.0	96.416737
4587.0	96.349190
4589.0	94.902119
777.0	95.141757
4522.0	97.051077
4493.0	96.952646
5488.0	96.803828
4680.0	96.754908
3983.0	94.081815
1878.0	94.853930
4306.0	96.861538
3811.0	96.303916
3518.0	96.439825
3664.0	95.723711
3497.0	94.137556
1626.0	94.985680
3667.0	96.453524
3185.0	95.947755
15397.0	97.300199
2425.0	95.680811
2435.0	94.486965
1682.0	95.335830
3505.0	95.785076
3131.0	95.868388
3458.0	95.420136
2843.0	95.079671
3668.0	94.187351
1433.0	95.075258
4292.0	95.547739
3974.0	95.868826
4278.0	95.760896
4082.0	93.958958
3840.0	92.525732
1603.0	94.417019
4145.0	94.479025
3758.0	93.632389
3232.0	93.016546
3301.0	91.854677
3275.0	90.370576
2447.0	92.353751
3847.0	93.516583
3292.0	92.744218
3323.0	92.280795
2938.0	93.142426
2758.0	92.551503
1503.0	93.781424
2962.0	94.110752
2585.0	94.025956
2941.0	93.131474
2441.0	93.798154
2097.0	93.325899
1392.0	93.838863
2785.0	93.508314
1899.0	93.942734
2409.0	93.964107
2555.0	93.843671
1448.0	93.582335
357.0	93.863153
2434.0	93.968704
2248.0	93.872170
2348.0	94.164224
2020.0	94.294754
2311.0	94.026028
364.0	93.990604
2491.0	94.264010
1441.0	93.779077
1550.0	94.797825
1699.0	94.074393
1710.0	93.816721
788.0	93.877745
1406.0	94.489646
1460.0	94.629041
996.0	94.637882
1440.0	94.465244
1005.0	94.263316
761.0	94.484117
1489.0	94.575822
1087.0	94.581739
11085.0	94.989624
1562.0	94.044272
1803.0	93.630343
301.0	93.786476
2217.0	93.885669
2307.0	93.910276
3137.0	93.891376
2929.0	93.930691
2478.0	93.825730
2378.0	94.225784
2516.0	94.294719
2537.0	94.534864
3162.0	94.597353
3073.0	94.263145
2464.0	93.690758
3603.0	94.162495
3696.0	94.437114
4361.0	94.591388
3263.0	94.282229
3204.0	94.105790
2512.0	93.521271
3440.0	94.050947
2724.0	94.558177
3400.0	94.644974
3510.0	94.482953
3131.0	94.787456
3449.0	93.759001
3530.0	94.322014
3383.0	94.487937
3968.0	94.830648
3614.0	94.427074
4185.0	94.822671
3653.0	94.292512
3467.0	94.785651
3721.0	95.100433
3386.0	95.322065
4999.0	94.625245
3265.0	95.022477
3190.0	94.857781
302.0	94.842187
2838.0	95.829715
3384.0	95.529630
3256.0	94.856863
3277.0	95.084357
3404.0	94.107019
4380.0	94.585447
3012.0	95.066340
3525.0	94.505129
3269.0	94.723027
3145.0	94.394015
3291.0	93.839238
1183.0	94.062169
3355.0	94.516164
3177.0	94.774781
3750.0	94.419563
5229.0	94.681507
6432.0	89.477436
4493.0	91.800985
8218.0	84.847890
8369.0	82.050214
32407.0	92.914489
6570.0	82.383851
7470.0	81.061697
1378.0	82.549048
6772.0	83.643925
6892.0	84.316463
6050.0	84.420834
6696.0	86.329315
8707.0	84.216136
2196.0	85.515661
11995.0	93.428473
11610.0	94.974609
10804.0	93.073938
4886.0	88.332730
3736.0	72.621615
749.0	74.015009
2997.0	73.817101
2841.0	71.736495
2851.0	68.070909
2944.0	66.721342
2834.0	62.760495
1032.0	66.666308
4512.0	71.373918
5030.0	72.282598
6560.0	76.295881
8014.0	79.693564
10072.0	78.955774
2591.0	80.947791
12023.0	85.625231
10109.0	84.501133
9660.0	82.897385
7820.0	81.835518
5240.0	70.912073
1227.0	73.616620
5696.0	73.506929
4054.0	64.521706
2985.0	57.801225
3358.0	56.629770
3606.0	52.597002
1135.0	57.956935
5270.0	66.235738
5583.0	69.652685
7030.0	74.513689
9504.0	80.779915
9906.0	78.894872
2192.0	80.982033
10073.0	86.288394
9132.0	85.411204
7696.0	83.222707
5254.0	74.915332
4124.0	64.896278
956.0	68.959937
5226.0	73.370148
5224.0	74.471903
5720.0	74.758860
5788.0	76.975836
6575.0	75.196067
1443.0	78.440600
7711.0	84.913624
6694.0	85.880998
10806.0	90.977480
5576.0	89.147206
5201.0	86.447454
2027.0	89.651159
5954.0	89.317433
6830.0	89.840430
6596.0	87.485576
6849.0	87.210677
5880.0	79.094870
1698.0	82.800018
5637.0	83.923829
5610.0	80.685624
5063.0	78.811579
4977.0	75.521547
4965.0	71.820730
1840.0	77.077527
5710.0	80.899282
5155.0	81.673992
5059.0	80.392059
5353.0	81.959438
5595.0	77.091806
1639.0	79.885512
6986.0	87.876545
7102.0	87.484240
7165.0	87.453534
6176.0	84.152047
6584.0	78.585815
2207.0	82.301568
8510.0	86.827990
7899.0	86.186531
7926.0	83.267774
6637.0	80.334901
6047.0	74.201072
1678.0	77.442091
6707.0	80.019564
6288.0	79.455224
5291.0	77.188116
4774.0	75.162621
4962.0	72.929566
1842.0	76.490153
6990.0	80.940648
5348.0	80.170004
6269.0	81.066018
5514.0	79.978210
5601.0	73.206582
1645.0	77.307168
6774.0	81.657354
6152.0	77.672919
6296.0	79.545496
6241.0	80.037005
6127.0	75.751466
2186.0	80.499570
7568.0	81.515762
6625.0	79.492388
6493.0	79.573053
6394.0	79.199937
6132.0	73.148225
1538.0	76.597037
6100.0	78.232958
5718.0	77.878376
20439.0	95.568724
4553.0	79.906685
4387.0	69.684461
1531.0	74.497939
4599.0	77.933956
5184.0	77.148370
4543.0	77.092729
4506.0	77.493169
5086.0	71.251071
1399.0	74.708464
4573.0	74.974570
5324.0	74.951363
5399.0	73.826548
6251.0	72.226932
7129.0	67.470282
1928.0	71.884056
8102.0	76.126433
7877.0	74.031396
7421.0	70.395015
7509.0	70.645684
7827.0	63.809466
1146.0	66.463197
7743.0	70.123249
7188.0	68.632712
7710.0	68.018122
7253.0	63.744143
7324.0	55.257990
2142.0	62.611864
9638.0	71.363449
8594.0	68.836932
8400.0	67.492180
7890.0	63.213215
6949.0	45.703184
1698.0	51.780205
7381.0	57.364229
6743.0	53.725585
7011.0	51.027646
7473.0	54.207389
7140.0	45.421437
1917.0	51.837791
9530.0	64.077960
7874.0	52.838417
6817.0	52.268430
6522.0	51.387906
6764.0	37.676856
1273.0	43.659408
6761.0	52.659822
7657.0	51.818509
7237.0	52.463601
7689.0	53.331585
7421.0	40.028977
1236.0	44.364480
9716.0	60.281216
8955.0	57.688010
9002.0	54.693214
8376.0	53.943073
7774.0	37.329988
1026.0	40.767297
7461.0	47.969209
6770.0	42.364037
9446.0	58.348736
4994.0	39.753064
4074.0	36.655987
996.0	42.478788
3877.0	40.602639
3821.0	44.957731
3767.0	43.678633
3739.0	44.775950
3649.0	42.254710
1099.0	49.077416
3972.0	52.046110
3689.0	48.536723
3584.0	50.441341
3656.0	51.366747
4085.0	52.091855
1661.0	60.354914
5316.0	64.365741
4811.0	64.849659
4763.0	65.264721
3999.0	63.884332
4270.0	61.409653
1666.0	67.967165
4723.0	69.831556
4541.0	70.350026
4278.0	70.666668
4438.0	70.463326
3766.0	70.590847
1632.0	74.521323
3606.0	76.013504
3800.0	75.422593
2812.0	74.838421
3539.0	78.660803
2116.0	79.693831
1107.0	81.295136
2139.0	79.929497
2285.0	80.270742
1734.0	80.864645
1923.0	80.415338
1988.0	79.801662
811.0	81.073719
2175.0	82.680397
1630.0	80.520691
1736.0	80.289500
1651.0	80.969368
1900.0	79.698071
775.0	81.270134
2515.0	81.579210
2252.0	82.533408
1962.0	80.054001
1818.0	80.549672
2109.0	79.702553
773.0	81.507947
2895.0	82.038596
2461.0	82.917559
1955.0	80.552037
2789.0	81.591154
2331.0	81.503560
828.0	82.513427
2507.0	81.466118
2576.0	80.979386
12334.0	85.607609
966.0	79.130178
1825.0	78.462277
442.0	79.905926
2094.0	81.244716
2346.0	80.982374
2298.0	81.249618
2579.0	81.026268
2310.0	80.491732
637.0	81.686680
2635.0	81.722948
2695.0	80.921187
2445.0	81.869308
2441.0	79.879392
2552.0	78.214383
1391.0	81.836044
2854.0	81.784084
2741.0	78.648064
2704.0	78.786972
3055.0	78.277018
3039.0	77.671922
582.0	79.482957
3288.0	80.945256
3186.0	78.852754
3256.0	79.005890
3296.0	78.900241
3267.0	77.898427
585.0	79.782827
3312.0	79.232986
3335.0	78.491042
3687.0	79.374179
3534.0	78.330590
3268.0	73.405620
1207.0	79.030805
4138.0	78.866777
3694.0	75.167118
3679.0	76.490071
3685.0	75.218417
3650.0	73.188985
1315.0	78.389021
4478.0	77.424241
3921.0	74.910129
4299.0	73.817664
4189.0	73.712825
3903.0	71.795284
639.0	74.336922
4274.0	76.853470
3778.0	73.169798
4004.0	72.766045
4004.0	73.582509
3736.0	70.567517
664.0	73.758188
4489.0	75.829280
3817.0	74.927600
4021.0	73.268819
3869.0	74.954097
4066.0	72.315992
669.0	74.985539
4140.0	75.959710
