6750.0	78.776999
1913.0	74.149216
2370.0	76.947887
1071.0	83.348864
2596.0	82.574058
2622.0	82.326775
2626.0	83.343007
2257.0	83.587982
2118.0	83.772424
831.0	86.365764
2282.0	85.629650
2170.0	85.799650
1722.0	83.893336
1441.0	84.062586
1744.0	84.807730
1739.0	87.968445
2122.0	88.693956
1900.0	89.092273
2165.0	90.993751
1859.0	88.936644
1863.0	89.899334
1167.0	92.184336
2070.0	91.719683
2235.0	91.333982
2183.0	92.208055
2336.0	92.664497
2176.0	91.948834
1072.0	93.759355
2374.0	93.472151
2374.0	93.365772
2078.0	93.552032
2311.0	93.324459
3453.0	91.494315
3294.0	94.703881
2667.0	93.947508
2542.0	94.158067
2685.0	94.056600
2652.0	93.859889
2895.0	93.953347
1783.0	95.487268
2785.0	94.770224
3251.0	94.949178
3236.0	94.259698
3279.0	94.308987
3028.0	93.857043
1878.0	95.758452
3530.0	94.703958
3196.0	94.270508
3183.0	94.547462
3464.0	94.784165
3405.0	94.408968
2109.0	95.733548
3493.0	94.268231
3415.0	94.076161
3296.0	94.100842
3689.0	94.419039
3566.0	93.982075
2476.0	95.493276
3620.0	95.135274
4111.0	95.054143
13624.0	96.268790
3734.0	95.803361
3280.0	94.798280
1586.0	95.620488
3502.0	96.145269
2233.0	95.623394
1695.0	93.825242
1395.0	93.925327
1760.0	93.779006
300.0	93.985034
1394.0	94.698217
1404.0	94.456434
1209.0	94.276120
1321.0	94.376596
1425.0	94.311272
235.0	94.349535
1357.0	94.724169
1656.0	94.878110
2646.0	94.638838
2132.0	94.700202
2106.0	94.350766
3974.0	94.515418
2237.0	94.760868
1816.0	94.776070
2610.0	94.460268
3230.0	94.523137
4852.0	94.937986
1302.0	95.158173
5041.0	95.428225
4192.0	95.217178
4616.0	95.186385
3793.0	95.103628
4544.0	95.118676
1068.0	95.335487
4297.0	95.394316
4993.0	95.294882
5713.0	94.495299
5028.0	94.832693
4745.0	94.016310
3319.0	94.636355
5901.0	95.015319
5333.0	94.825037
5724.0	94.988479
5477.0	94.950668
5944.0	94.496008
1558.0	94.821076
6562.0	95.355663
6379.0	94.732844
6274.0	95.382782
6920.0	95.943177
5927.0	95.137482
1751.0	95.484819
7878.0	95.648034
6761.0	96.041192
6305.0	95.924950
5816.0	95.731141
5223.0	95.119859
3915.0	95.366123
5245.0	96.265859
4695.0	96.160896
18798.0	97.263172
4106.0	96.111340
4527.0	94.917441
436.0	95.131032
3960.0	96.512800
4743.0	96.207780
4391.0	96.347424
4653.0	96.221663
4592.0	95.032226
668.0	95.190064
5194.0	96.647616
5057.0	96.388673
5733.0	96.405278
4576.0	96.712446
5164.0	95.256933
752.0	95.497772
4948.0	96.647153
5132.0	96.640974
5005.0	96.581710
5208.0	96.744574
5474.0	95.733303
240.0	95.743290
6658.0	96.869480
5439.0	96.752515
5831.0	96.833921
6623.0	96.838089
5313.0	95.698374
383.0	95.664902
5018.0	96.852770
5375.0	97.126874
8289.0	96.587914
5561.0	96.620556
6558.0	95.012162
1075.0	95.201145
6004.0	96.682287
6348.0	97.049756
7097.0	97.168937
6556.0	97.222733
4871.0	94.973615
2352.0	95.448442
6733.0	97.309497
6849.0	97.194121
4866.0	97.156962
4784.0	96.933868
5006.0	94.758067
2395.0	95.278104
6754.0	97.414230
4648.0	97.361454
5912.0	97.416819
5084.0	96.878469
4691.0	94.595131
2927.0	95.256648
4450.0	97.043787
4779.0	96.508164
4324.0	96.905217
4192.0	96.331106
4289.0	94.724175
2949.0	95.454196
4192.0	96.954308
4147.0	96.920257
19871.0	97.668861
2961.0	95.998346
2823.0	95.047631
2114.0	95.841200
3894.0	96.410475
3269.0	96.179255
4192.0	96.302160
3498.0	95.666708
3776.0	95.008832
2158.0	95.951549
4607.0	95.653655
4098.0	95.831382
4595.0	95.607312
4300.0	94.545493
4657.0	93.595593
2933.0	95.051064
4641.0	95.234794
4909.0	95.202661
4056.0	93.803008
4329.0	93.289349
3978.0	90.981238
1933.0	92.887866
4485.0	93.775943
4003.0	92.896210
3690.0	92.527661
3796.0	93.771948
3575.0	93.611855
1865.0	94.605696
3512.0	95.132666
3084.0	94.530095
3918.0	94.566613
2997.0	94.585629
2380.0	94.304382
749.0	94.448464
2747.0	94.285182
1976.0	94.314131
2543.0	94.058295
2623.0	94.053739
1551.0	93.765946
4340.0	94.154113
3962.0	94.786126
3334.0	94.792663
2498.0	94.971339
2167.0	94.700418
2510.0	94.298120
2501.0	94.743367
2799.0	94.942182
1655.0	94.591005
3374.0	95.448139
3536.0	94.726393
2216.0	94.475836
1133.0	94.887635
2215.0	95.211083
2676.0	95.011043
1770.0	94.998754
2959.0	95.139109
2358.0	95.046346
581.0	95.311394
2085.0	95.400442
2199.0	95.281219
12933.0	95.526076
1519.0	94.637053
1890.0	94.102923
2462.0	94.355324
3440.0	94.649583
3794.0	94.478321
4300.0	94.526075
4187.0	94.724024
3864.0	94.526981
1012.0	94.729676
4282.0	95.419697
3744.0	95.233529
4569.0	95.240015
4275.0	95.087848
3514.0	94.324756
1094.0	94.631137
3739.0	94.940203
4829.0	95.122977
5349.0	94.525126
4762.0	94.577771
4191.0	94.241993
1100.0	94.559750
4308.0	94.865013
4930.0	94.997389
4900.0	94.832222
4408.0	95.143081
5007.0	94.208841
1446.0	94.701021
4809.0	94.761169
5793.0	95.249256
5378.0	94.949135
5829.0	95.381918
4367.0	94.639777
2113.0	95.163838
5780.0	95.674286
5008.0	95.781313
5244.0	94.600136
3567.0	94.653137
3418.0	94.734131
4448.0	95.070466
5266.0	95.730220
5430.0	95.895112
5440.0	95.539409
5617.0	95.802746
5520.0	94.523423
1145.0	94.850550
5352.0	95.529335
5610.0	95.103875
5719.0	95.340245
5296.0	94.865017
3517.0	94.043429
3162.0	94.959998
5462.0	94.968319
5672.0	95.277355
6257.0	95.136359
4922.0	94.649662
8690.0	90.889333
4576.0	92.450857
9076.0	85.957413
9892.0	82.989058
35198.0	93.818808
10062.0	87.646811
9710.0	85.951174
2263.0	87.040651
10320.0	89.272786
10486.0	90.719178
10540.0	92.124594
8625.0	92.277937
9814.0	88.016593
2360.0	89.263391
14618.0	97.345155
10348.0	95.921745
9496.0	92.477687
4341.0	86.378836
3245.0	69.897750
532.0	71.622814
3294.0	74.738709
3141.0	73.730723
3236.0	70.797817
3360.0	70.581368
3745.0	67.970018
1021.0	70.802170
6034.0	76.044473
8453.0	82.093012
10255.0	85.377428
12416.0	87.808046
11772.0	83.530490
1993.0	84.620524
10689.0	86.033894
8883.0	83.061097
8270.0	80.482251
5314.0	74.595321
4225.0	63.793389
810.0	66.287684
5630.0	70.093195
8234.0	77.491627
8359.0	78.892154
9830.0	81.181615
12119.0	80.686640
2308.0	81.913540
11461.0	85.986932
9699.0	85.044984
8403.0	81.954097
5580.0	72.840974
3884.0	58.933551
920.0	63.574802
5100.0	70.917560
5033.0	69.436545
7369.0	78.835117
8634.0	82.291330
11031.0	83.646216
2101.0	85.375483
16109.0	93.251289
12199.0	91.607670
11308.0	90.178976
9611.0	89.449975
6970.0	79.327538
1434.0	81.895683
7170.0	86.134367
6005.0	85.333440
12100.0	92.548887
4809.0	87.587533
5062.0	85.777007
1465.0	88.378496
8225.0	93.085232
9375.0	94.267987
9736.0	93.648213
7909.0	90.623673
7077.0	82.851503
1979.0	85.722161
7149.0	88.663539
6906.0	85.925456
6308.0	84.401634
6309.0	82.044216
5550.0	75.085079
1715.0	79.342388
6670.0	84.031101
6490.0	85.004256
6616.0	85.562639
6745.0	87.516822
6886.0	81.064144
2367.0	84.909122
8740.0	91.590211
8742.0	90.823826
8242.0	90.058696
8340.0	89.863692
8311.0	82.868988
1992.0	84.964747
9535.0	89.033502
9167.0	88.534323
9473.0	86.484333
8665.0	85.916688
8247.0	80.766488
1879.0	83.050890
8740.0	86.083844
8051.0	85.228766
7684.0	84.837015
7274.0	84.129958
7086.0	80.772127
2207.0	83.555706
7785.0	85.545241
7422.0	86.508617
7787.0	86.247832
7891.0	87.163341
8008.0	81.471133
1745.0	83.488913
8180.0	86.563343
7753.0	83.963538
7352.0	83.691512
7679.0	84.491839
7379.0	80.146110
1595.0	82.548507
9172.0	85.526360
8153.0	84.186789
8245.0	84.570627
7892.0	84.492053
7567.0	78.787191
1750.0	81.679823
7576.0	83.243319
7083.0	83.227359
21632.0	96.224295
5329.0	82.469183
5501.0	74.551841
1433.0	77.770442
5208.0	80.951562
5907.0	80.118670
5005.0	79.887191
5265.0	80.250634
5831.0	74.347505
1306.0	76.798353
6216.0	81.099139
6168.0	79.482379
6294.0	77.096189
7307.0	77.517118
7682.0	69.299782
1705.0	72.499680
9124.0	78.995774
9013.0	77.019127
8733.0	74.581588
8744.0	75.451709
8365.0	65.982876
1752.0	69.567959
8865.0	75.034471
8645.0	73.747201
9194.0	73.508783
10107.0	75.114488
10381.0	67.166465
2446.0	72.695275
12490.0	79.972740
12288.0	79.801463
12112.0	79.024814
11799.0	76.047725
11099.0	61.963156
2387.0	67.265666
12376.0	75.759117
12024.0	74.519812
10878.0	68.868158
11225.0	70.500206
9791.0	58.688097
2300.0	64.190491
10491.0	68.536411
9687.0	62.498412
9025.0	63.508929
8159.0	60.559037
7190.0	39.862229
1436.0	45.134443
8469.0	63.485650
9547.0	60.458022
7276.0	53.237581
7745.0	54.601861
7178.0	39.701109
1307.0	44.148082
10539.0	63.206647
10806.0	65.623201
9947.0	59.771014
8392.0	54.169334
7778.0	35.499510
1550.0	41.211298
9185.0	56.906160
7493.0	47.162226
12922.0	69.983081
4952.0	39.085938
4098.0	36.119773
1064.0	42.567752
5086.0	49.599165
4842.0	52.907175
4384.0	49.671262
4507.0	51.341982
4540.0	50.023722
1731.0	58.304437
6023.0	64.929518
5802.0	63.572645
4957.0	60.585187
6218.0	67.042687
5750.0	62.868747
1840.0	69.162785
6609.0	71.713466
5323.0	68.466368
5255.0	69.469631
5191.0	71.293903
5122.0	67.194816
1667.0	71.962056
5419.0	73.762510
4671.0	72.676727
4438.0	72.383878
4859.0	72.349755
3857.0	71.281810
1682.0	75.563649
4098.0	78.460702
4839.0	79.367332
3746.0	79.724720
3603.0	81.112118
2345.0	81.377461
2093.0	83.975738
3124.0	83.533925
3159.0	83.235187
2523.0	83.920067
2612.0	84.151338
2649.0	83.396211
1656.0	85.456640
2007.0	84.324417
2380.0	84.438747
2405.0	84.462028
2266.0	84.464496
2499.0	83.435030
1457.0	85.522870
2362.0	83.884235
2350.0	84.037103
2851.0	83.824810
2481.0	84.449900
2164.0	82.459061
2301.0	86.214590
2631.0	83.546349
2495.0	84.173186
2866.0	83.861325
2868.0	83.391770
2543.0	83.593191
1285.0	85.170059
2682.0	83.375778
2888.0	83.331294
12987.0	86.417793
1196.0	80.671725
2148.0	80.318791
473.0	81.706805
2339.0	82.696529
2707.0	82.367435
2645.0	82.506275
2923.0	82.500463
2619.0	81.696794
1111.0	84.253665
2901.0	83.191258
2986.0	82.276456
2687.0	83.567023
3268.0	82.632562
3140.0	81.085045
1364.0	83.947587
3155.0	83.289538
3519.0	82.455665
3347.0	82.812870
3260.0	81.161833
3337.0	79.948271
1742.0	84.275765
3536.0	83.314097
3507.0	81.309685
3621.0	81.016803
3670.0	81.589312
3641.0	79.948054
520.0	80.964569
4263.0	82.853575
3637.0	81.017316
4037.0	80.740132
3980.0	80.143213
4271.0	78.710744
537.0	80.223071
4562.0	81.557312
4743.0	81.047561
4477.0	80.379486
4487.0	79.506371
4464.0	77.559172
835.0	80.209352
4997.0	80.185822
5021.0	79.735005
4867.0	77.450824
4691.0	76.913939
4478.0	74.791320
1413.0	79.280959
4769.0	79.117452
4862.0	78.772483
4523.0	76.465570
4530.0	77.941827
4244.0	73.905741
1308.0	78.364511
4659.0	77.831781
4628.0	78.250591
4287.0	75.086863
4383.0	78.144589
4610.0	75.685307
1611.0	80.783459
4963.0	81.266073
