5997.0	73.496786
1543.0	69.318628
2091.0	74.769337
415.0	77.189451
2228.0	80.723811
1872.0	77.275141
1800.0	76.630405
1881.0	79.935327
1805.0	80.614432
434.0	82.743122
1900.0	82.606647
1803.0	82.724947
1332.0	80.172478
1077.0	79.554765
1327.0	80.856099
964.0	85.774780
1625.0	85.212743
1514.0	86.418167
2189.0	87.680463
1558.0	86.763928
1685.0	87.437633
807.0	90.016861
1681.0	89.597164
1822.0	90.002416
1792.0	90.265140
1718.0	90.627007
1787.0	90.377860
945.0	92.447823
1872.0	91.817488
1904.0	91.895793
1710.0	91.750397
2001.0	91.756800
1809.0	91.397852
1215.0	93.697752
1880.0	92.841838
1905.0	93.242443
2074.0	93.131426
2107.0	92.830353
1927.0	92.922869
3727.0	93.993270
2444.0	92.500372
1982.0	92.944833
2200.0	92.923426
2085.0	93.512201
2326.0	92.361464
1806.0	94.465366
2841.0	93.108370
2714.0	93.177932
2556.0	93.519852
2309.0	92.414728
2439.0	92.306003
2038.0	94.542195
2826.0	93.629087
3152.0	93.985598
2797.0	93.609834
3026.0	93.411399
2741.0	92.440858
2216.0	94.525211
3161.0	94.393608
3463.0	94.386300
11458.0	95.627709
2207.0	93.901752
2176.0	93.053039
1382.0	94.623279
2633.0	94.595542
1656.0	95.156792
1002.0	92.211713
1228.0	92.928540
899.0	92.870255
461.0	93.243529
927.0	93.336402
830.0	93.057523
1014.0	93.374907
832.0	93.732213
1042.0	93.876499
145.0	94.159248
882.0	93.683749
1095.0	94.227038
1968.0	93.788132
1553.0	93.673762
1549.0	93.443477
880.0	94.089893
1418.0	94.048614
1297.0	94.107042
2020.0	94.258833
2420.0	94.327237
1893.0	94.225204
306.0	94.342343
2013.0	94.155950
1824.0	94.500984
2276.0	93.792520
1826.0	93.985942
2323.0	93.926270
306.0	93.941763
2132.0	94.159003
2517.0	94.507367
3951.0	93.675611
2987.0	93.997479
2912.0	93.756821
327.0	93.830304
3255.0	94.414115
3144.0	94.425328
3569.0	94.487304
3533.0	94.377207
3693.0	93.672099
510.0	93.680319
3716.0	94.373253
4260.0	94.260751
4225.0	94.837403
4666.0	95.621745
4276.0	94.693955
4407.0	95.261834
5402.0	95.185704
5020.0	95.650052
6322.0	95.850038
5844.0	95.658932
4768.0	94.920314
611.0	95.188089
5381.0	96.213794
4293.0	96.008623
15855.0	97.055020
3606.0	95.639050
3686.0	94.747791
1152.0	95.316086
3732.0	96.293867
3798.0	95.571612
3746.0	95.916405
3811.0	95.770142
3796.0	94.625898
1644.0	95.220175
3719.0	96.315340
4252.0	95.777506
4703.0	95.858865
3737.0	96.195487
4144.0	94.881798
1664.0	95.384445
4629.0	96.319081
4718.0	96.383777
3629.0	95.879792
3715.0	96.343840
4175.0	95.014029
2581.0	95.648125
6129.0	96.459842
4996.0	96.543065
4816.0	96.554411
5215.0	96.439431
3976.0	95.088161
1649.0	95.562691
4738.0	96.789401
3924.0	96.604608
6784.0	96.261836
4439.0	96.358333
4386.0	94.309092
712.0	94.494459
4791.0	96.277691
4321.0	96.558487
4864.0	96.315318
4535.0	96.239383
4699.0	94.200416
824.0	94.429127
4803.0	96.468099
4725.0	96.466397
4700.0	96.537650
4535.0	96.541838
4634.0	94.785100
775.0	94.927769
4547.0	96.848625
4433.0	97.180011
4549.0	96.400741
3948.0	96.381189
4115.0	94.191634
2010.0	95.078471
4265.0	96.949732
3709.0	96.113315
3512.0	96.217950
3542.0	95.481586
3641.0	94.150359
1693.0	94.991003
3487.0	96.302663
3162.0	96.046934
15397.0	97.300199
2170.0	95.350235
2356.0	94.502917
1563.0	95.332334
3272.0	95.568451
2786.0	95.623104
2954.0	95.011271
2998.0	95.053668
2618.0	93.905219
2463.0	95.316370
4262.0	95.937822
3760.0	95.664770
2896.0	94.508813
2737.0	92.169992
4229.0	92.156097
2135.0	94.274316
3397.0	93.773504
3636.0	93.100207
3369.0	92.994245
3809.0	92.560688
3326.0	90.374201
2157.0	92.093757
3829.0	93.367765
3146.0	92.627313
3321.0	92.399224
2915.0	93.094992
2659.0	92.475890
1520.0	93.592880
2731.0	93.754199
2503.0	94.019029
3018.0	93.456709
2408.0	93.840045
1809.0	93.156911
1693.0	93.841870
1987.0	93.514384
1522.0	93.924037
1962.0	93.518939
2008.0	93.213458
1259.0	93.066505
956.0	93.660248
2516.0	94.339359
2362.0	94.236142
1809.0	93.748859
1617.0	93.768232
2689.0	93.979463
64.0	93.933520
2528.0	94.339474
1493.0	94.202036
1284.0	94.648160
1759.0	94.438080
1515.0	94.127251
331.0	94.263213
1460.0	94.703950
1468.0	94.492551
984.0	94.278553
1387.0	94.677321
989.0	94.342751
32.0	94.314593
1074.0	94.544552
1136.0	94.359632
11085.0	94.989624
1173.0	93.874926
1963.0	93.656143
317.0	93.695914
2242.0	94.014485
2090.0	93.675931
2991.0	93.839531
2864.0	93.855185
2406.0	93.607804
653.0	93.755786
2597.0	94.256829
2558.0	94.526465
3295.0	94.612301
2850.0	94.292586
2490.0	94.013422
935.0	94.190578
2217.0	93.976290
2684.0	94.062986
3402.0	94.040962
3207.0	93.799838
2543.0	93.499452
1660.0	93.774548
2706.0	94.522467
3456.0	94.433960
3474.0	93.745821
3135.0	94.565258
3396.0	93.653270
4171.0	94.365645
3356.0	94.371238
3854.0	94.734182
3597.0	94.579835
4128.0	94.565651
3798.0	94.467410
3461.0	95.029031
3720.0	94.931980
3354.0	95.423617
4818.0	94.483811
3307.0	94.885419
3016.0	94.896656
283.0	95.045988
2980.0	96.193634
3078.0	95.527436
3077.0	95.196927
3200.0	95.310699
3083.0	94.102593
383.0	94.225332
3125.0	94.840978
3456.0	94.558658
3203.0	94.503029
3057.0	94.120019
3180.0	93.836342
935.0	94.087793
3500.0	94.364003
3209.0	94.780282
3777.0	94.492429
4701.0	94.322554
6216.0	89.177021
3771.0	91.169338
7144.0	83.236534
7632.0	79.538190
32049.0	92.902527
7690.0	84.799998
8435.0	84.054507
836.0	84.471513
7327.0	84.672344
7616.0	85.947969
7190.0	86.526594
7383.0	88.517651
8419.0	84.703335
2211.0	86.095916
12522.0	94.793513
9220.0	94.051186
9606.0	91.828817
3940.0	85.240032
3294.0	70.092822
370.0	71.517440
2683.0	72.392219
2706.0	70.400160
2956.0	68.494081
2806.0	67.655712
2775.0	62.583637
964.0	66.384624
4215.0	70.235515
5153.0	72.704107
6414.0	76.600851
7293.0	78.643029
10038.0	78.119705
1929.0	80.052145
9603.0	82.944063
9109.0	83.129612
7177.0	77.603734
5504.0	74.378150
3679.0	61.064622
870.0	63.813442
4565.0	66.622670
4448.0	64.549560
3687.0	62.060711
3987.0	61.329165
4555.0	60.355975
1073.0	63.195471
5403.0	67.075928
6508.0	72.433323
9001.0	78.877849
9339.0	81.260322
7651.0	74.828128
1642.0	77.515213
8403.0	82.897786
7459.0	80.944134
5402.0	74.257183
3251.0	63.111836
3298.0	58.230724
812.0	62.872997
4148.0	64.958250
3911.0	66.831401
4435.0	67.805752
4963.0	71.368457
5392.0	69.906728
1923.0	75.665288
7337.0	84.111687
7217.0	86.267356
10230.0	89.649315
5261.0	88.134280
5082.0	85.836235
1504.0	88.827776
7208.0	91.737216
6878.0	89.962797
6529.0	86.867480
6134.0	85.012225
6186.0	79.326927
1960.0	83.229686
6416.0	86.725591
5800.0	82.966089
4789.0	78.756125
5018.0	76.790194
3780.0	66.701651
955.0	70.826879
4634.0	75.119623
4313.0	75.977508
4591.0	75.764019
4619.0	78.788671
5894.0	77.127482
1633.0	80.276498
7310.0	88.202223
6849.0	87.021943
6402.0	85.780697
6236.0	84.532061
6467.0	77.795759
1931.0	81.396398
7211.0	84.032635
7101.0	83.606542
6628.0	78.749920
5823.0	76.691316
6105.0	72.755376
1514.0	75.744919
6894.0	79.405162
6107.0	78.528482
5357.0	76.482276
5208.0	76.288593
5769.0	74.945956
1853.0	78.594449
6859.0	81.870295
5698.0	82.111135
5835.0	80.371423
5477.0	79.535897
6094.0	75.422587
1596.0	78.839606
7079.0	82.917874
6395.0	79.880063
6265.0	80.091731
6435.0	79.922690
5955.0	76.220969
1873.0	80.068767
6949.0	80.470439
6112.0	78.114069
5480.0	75.571987
5677.0	76.312298
5084.0	69.908086
1446.0	73.982004
5736.0	75.905859
5003.0	74.557853
18922.0	94.268787
3354.0	74.057782
2924.0	60.393381
1056.0	65.698394
3380.0	69.578849
3725.0	68.587468
3565.0	69.592606
3890.0	71.057156
4726.0	67.381998
2034.0	72.961039
5919.0	78.528181
5888.0	77.391441
5093.0	73.738919
6077.0	71.893384
6914.0	66.431582
1464.0	69.923651
7662.0	74.809514
7575.0	72.600418
7488.0	70.902372
7333.0	69.839158
6771.0	59.356869
1489.0	64.159142
7521.0	70.474477
7146.0	69.485390
6574.0	63.260078
6640.0	62.682354
6801.0	53.539419
1487.0	59.015192
7346.0	62.712021
7601.0	63.597986
7106.0	61.408447
7231.0	58.313950
6871.0	45.103272
1917.0	52.010949
7934.0	59.972979
6623.0	53.025036
6091.0	46.779174
5566.0	44.339947
5668.0	35.569184
1118.0	41.749652
7345.0	53.915564
7312.0	50.993102
6686.0	51.807110
6464.0	51.165322
6978.0	39.556792
764.0	42.226445
7298.0	56.183394
7638.0	51.911293
7221.0	52.440610
7690.0	53.279186
7452.0	39.762749
1198.0	44.093996
8600.0	55.419657
8894.0	57.814713
8902.0	55.193500
8227.0	54.159785
7757.0	36.236268
975.0	39.323441
7408.0	49.012195
6656.0	43.112212
7651.0	50.913407
4978.0	39.152332
4120.0	36.216241
670.0	39.627234
3911.0	40.493943
3820.0	44.133938
3762.0	43.973094
3715.0	43.672852
3572.0	43.137343
823.0	47.841138
3380.0	47.423356
3626.0	47.800127
3592.0	49.575219
3641.0	50.629978
3497.0	46.300257
715.0	50.635106
3645.0	52.851890
3442.0	54.380114
3727.0	56.594106
3724.0	60.355097
3653.0	56.067657
1198.0	59.614685
3560.0	62.141970
3343.0	61.931625
3042.0	62.209351
3174.0	61.789534
3424.0	65.714819
1593.0	70.657584
2886.0	72.129066
2834.0	70.140370
2397.0	70.456645
2579.0	73.568501
2438.0	76.762747
1298.0	78.961916
2826.0	79.837328
2453.0	79.616840
1907.0	81.106370
2019.0	80.713135
2011.0	79.884199
1043.0	81.794979
1468.0	81.399675
1737.0	81.126547
1814.0	80.724787
1700.0	80.710988
1903.0	80.508733
847.0	82.105751
2455.0	82.635181
1652.0	80.886995
2110.0	80.780981
1797.0	80.530860
2203.0	80.200030
891.0	82.112809
2033.0	80.373941
2030.0	80.441188
2241.0	80.825373
2177.0	79.353124
1963.0	79.517514
871.0	81.296760
2802.0	81.751133
2017.0	79.229298
11241.0	83.275312
1016.0	78.154071
1427.0	75.549748
1068.0	79.164022
1594.0	78.780713
2009.0	78.530444
2057.0	79.381246
2209.0	78.907010
2098.0	78.133621
593.0	79.769329
2300.0	78.747100
2376.0	77.991802
2186.0	80.004975
2591.0	78.536980
2634.0	77.505775
596.0	79.526018
2494.0	78.583710
2894.0	78.210959
2755.0	78.980208
3074.0	78.645882
3055.0	77.937703
559.0	79.624086
2848.0	78.813424
3312.0	78.308399
3234.0	78.627608
2822.0	75.599585
2813.0	74.405061
1222.0	79.476235
3316.0	78.175267
3330.0	78.191890
3140.0	75.693661
3145.0	75.529043
3383.0	73.802701
569.0	76.045150
3640.0	76.256965
3774.0	76.545808
3745.0	75.697042
3717.0	75.304956
3621.0	72.521352
648.0	75.228314
3949.0	74.149341
3967.0	74.127704
3822.0	70.320543
3661.0	69.483719
3508.0	68.455424
1195.0	74.871321
3749.0	73.826304
3775.0	73.680130
4025.0	73.628172
4004.0	74.463192
3698.0	70.994966
659.0	73.768104
3890.0	73.882204
3807.0	73.688296
4040.0	73.418810
3812.0	74.834514
3561.0	69.933993
1297.0	76.083716
3936.0	75.865834
