6749.0	78.776999
1913.0	74.149216
2370.0	76.947887
654.0	81.849804
2612.0	82.354282
2459.0	81.926608
2241.0	82.136949
2285.0	83.988924
2142.0	83.648373
728.0	85.871479
2275.0	85.732808
2045.0	84.730321
1471.0	81.755341
1511.0	83.620197
1661.0	84.502589
1838.0	88.426390
2144.0	88.029358
2102.0	89.909960
2004.0	90.027164
1959.0	90.057766
1766.0	89.405686
1225.0	92.034606
2074.0	91.579295
2058.0	91.059717
2095.0	91.765838
2331.0	92.437281
2111.0	91.994613
1147.0	93.585713
2331.0	93.620542
2196.0	92.950622
2087.0	92.958578
2167.0	92.816926
2396.0	92.965072
4142.0	94.321193
2943.0	93.487189
2430.0	93.983825
2662.0	94.134815
2549.0	93.784272
2921.0	93.976548
1833.0	95.450214
2515.0	94.099050
3025.0	94.552600
3694.0	95.096751
3260.0	94.709395
2765.0	93.434662
2128.0	95.687254
3219.0	93.871245
3248.0	94.003367
3368.0	94.637162
3477.0	94.815201
3075.0	93.938677
1776.0	95.545606
3163.0	94.160211
3545.0	94.250930
3230.0	93.917074
3619.0	94.151676
3671.0	94.013427
2186.0	95.461617
3722.0	95.093952
3912.0	94.842648
13624.0	96.268790
3662.0	95.852225
3281.0	94.551498
1641.0	95.635657
2474.0	95.274856
2345.0	96.125672
1643.0	93.889085
1408.0	93.800788
1156.0	93.261952
822.0	93.655683
1295.0	94.387602
1472.0	94.447271
1209.0	93.996120
1173.0	94.334230
1470.0	94.081181
264.0	94.132931
1350.0	94.503282
1666.0	94.640393
2423.0	94.185039
2213.0	94.855990
2064.0	94.036055
325.0	94.037687
2044.0	94.243307
1843.0	94.525854
2219.0	94.121952
3081.0	94.309035
2561.0	94.066686
3933.0	94.772065
4603.0	95.330223
4076.0	95.438688
4669.0	94.681890
3847.0	95.029106
4457.0	94.775849
1223.0	95.107015
4281.0	95.369593
5038.0	95.492487
4655.0	94.013887
3692.0	94.145057
3984.0	93.942130
4850.0	94.648728
5974.0	95.159432
5401.0	95.017319
5708.0	94.938295
5563.0	95.210633
5959.0	94.349723
1615.0	94.697715
6534.0	95.298124
6397.0	94.835898
6225.0	95.461372
6997.0	96.025877
5894.0	95.269155
1670.0	95.574755
7796.0	95.590106
6716.0	96.249982
6206.0	95.990381
5959.0	95.846075
5292.0	95.203094
3983.0	95.503939
5153.0	96.037092
4693.0	96.146237
18798.0	97.263172
3481.0	95.568986
4693.0	94.953329
460.0	95.142083
3965.0	96.537935
4801.0	96.173763
4453.0	96.254930
4596.0	96.331289
4574.0	95.115646
678.0	95.406837
5174.0	96.592526
5140.0	96.284992
5758.0	96.143483
4614.0	96.400511
5121.0	95.125489
705.0	95.324459
5010.0	96.497480
5073.0	96.640089
5075.0	96.577375
5342.0	96.669754
5146.0	95.619043
758.0	95.669627
6599.0	96.887308
5356.0	96.701908
5406.0	96.835117
6693.0	96.834414
4992.0	95.575654
798.0	95.623967
5110.0	96.933412
5447.0	97.178146
8357.0	96.272475
5641.0	96.722473
6473.0	95.063741
1016.0	95.298941
6107.0	96.910311
6381.0	97.172995
7095.0	96.815598
4730.0	96.826344
5037.0	94.862836
2502.0	95.287962
6880.0	97.031211
4900.0	97.130205
5015.0	96.915210
4925.0	96.861145
5011.0	95.077980
2298.0	95.386399
4889.0	97.204190
4891.0	97.255464
6100.0	97.099243
5222.0	97.029770
4688.0	94.694492
1786.0	95.209320
4584.0	97.155298
4934.0	96.683420
3821.0	96.942985
4273.0	96.102766
4436.0	94.627865
2964.0	95.453493
4201.0	96.964773
4093.0	96.728715
19871.0	97.668861
2961.0	95.998346
2939.0	95.061400
1126.0	95.627465
3971.0	96.294243
3305.0	95.841436
4146.0	96.131167
3817.0	95.933153
3752.0	94.639290
2272.0	95.766858
4701.0	95.944034
4288.0	95.944242
3660.0	95.378528
4498.0	94.441903
4838.0	93.782679
2838.0	95.145118
4128.0	94.443889
4474.0	94.185601
3954.0	94.235363
4239.0	93.346133
4321.0	92.371582
2337.0	93.452732
4669.0	93.552554
3552.0	92.815153
3593.0	93.188627
3157.0	93.313982
3079.0	92.991062
1988.0	94.307508
3619.0	94.686204
2978.0	94.787208
3873.0	94.460083
2761.0	94.702047
2484.0	94.289275
791.0	94.372299
2851.0	93.958277
2029.0	94.281356
2539.0	94.240720
2603.0	94.276454
1609.0	93.926076
4389.0	94.316481
2628.0	94.678341
2359.0	94.327374
2500.0	94.551935
2106.0	94.490592
2514.0	94.340657
3075.0	94.744762
2687.0	94.750267
1666.0	94.528708
2283.0	95.173376
2314.0	94.601940
1792.0	94.369651
2928.0	95.042209
2333.0	95.251428
2734.0	94.944579
1872.0	95.067720
2946.0	95.118529
2398.0	94.993978
648.0	95.217669
2112.0	95.303911
2197.0	95.344222
12152.0	95.258733
1530.0	94.310786
1943.0	94.028297
2493.0	94.247629
3496.0	94.437241
3728.0	94.500455
4307.0	94.679850
4206.0	94.784855
2726.0	93.924331
2341.0	94.615681
3756.0	94.971412
3792.0	95.082128
4717.0	94.845755
4300.0	94.899923
3527.0	94.046946
1037.0	94.431271
3845.0	95.035363
4181.0	94.621834
5413.0	94.890274
4706.0	94.541317
4195.0	94.151289
1158.0	94.645700
4350.0	95.029440
4983.0	95.134521
4805.0	94.706334
4344.0	95.081902
4926.0	94.013281
1418.0	94.525674
4852.0	95.002667
5754.0	95.061504
5278.0	95.055534
5758.0	95.155420
5221.0	94.849337
1170.0	95.164324
5717.0	95.317370
4952.0	95.719344
5227.0	94.874679
3612.0	95.116263
3343.0	95.038871
4279.0	95.213855
3980.0	96.050186
5880.0	96.068729
3067.0	95.243314
3206.0	94.884597
3566.0	94.225724
3851.0	94.685420
5474.0	95.339514
5623.0	95.110057
3189.0	95.084020
3110.0	94.420959
3306.0	93.694953
4830.0	94.918110
5476.0	94.873232
5724.0	95.414653
3653.0	94.518049
5159.0	94.448703
6476.0	89.352094
5354.0	91.913946
9650.0	86.498011
9921.0	83.217502
34464.0	93.618349
7344.0	84.105499
7443.0	81.585424
1912.0	83.666927
8818.0	86.707991
8733.0	88.335053
7492.0	87.664130
7935.0	89.142490
9022.0	85.674692
3069.0	87.968084
14118.0	96.352282
11783.0	96.394927
13276.0	96.030668
6313.0	92.279348
5505.0	80.171380
1207.0	82.071998
4559.0	82.893640
4519.0	81.125928
3803.0	76.778209
3780.0	74.889455
3832.0	70.237865
1313.0	73.866767
5505.0	76.541312
6718.0	78.852369
9065.0	83.529890
11878.0	87.128711
11445.0	82.869718
2328.0	84.468040
10108.0	85.452400
9095.0	83.552160
7273.0	77.488098
4888.0	71.899835
3839.0	61.152297
981.0	64.129110
4985.0	67.505409
6470.0	71.755785
7006.0	75.057108
8954.0	78.744082
10503.0	77.470622
2287.0	79.517803
11821.0	85.160153
10357.0	85.032391
9776.0	83.953207
7825.0	80.762740
5118.0	66.976948
1274.0	71.236205
5914.0	75.742266
6204.0	76.424686
6343.0	77.049939
6383.0	77.022239
7057.0	76.575966
1857.0	79.821754
10738.0	86.510908
13668.0	91.724595
11729.0	90.403580
9336.0	88.436995
8161.0	81.866063
1658.0	84.178701
8021.0	87.533113
6425.0	86.619794
11967.0	92.546040
4336.0	85.760522
4200.0	82.653128
1391.0	85.853990
7159.0	91.744242
8518.0	92.329788
9066.0	92.578693
7218.0	88.975423
7073.0	82.849932
1878.0	85.614456
6494.0	86.886835
6765.0	85.388847
6308.0	84.342748
6253.0	81.878694
6144.0	76.888961
1512.0	80.273649
6804.0	84.111764
6865.0	86.458668
6891.0	86.839353
6595.0	87.143249
6537.0	81.052065
2179.0	84.843231
7923.0	90.538493
7816.0	89.144975
7841.0	89.646215
7566.0	87.896679
8072.0	82.214581
2133.0	85.017187
9145.0	88.441463
8332.0	86.952556
9036.0	85.261852
8563.0	85.149272
8007.0	79.988987
2281.0	82.970403
9489.0	87.058738
7845.0	85.173307
8161.0	85.750494
7745.0	85.228631
6767.0	80.501382
2225.0	83.232394
8356.0	86.322920
8108.0	87.751538
8170.0	87.133926
7761.0	87.009023
8379.0	82.232367
2426.0	84.933415
9142.0	88.557425
8815.0	86.740975
8449.0	86.721266
7510.0	84.357020
7708.0	81.234535
1922.0	83.906714
9898.0	87.009482
8460.0	85.047845
7913.0	83.718481
7273.0	82.952553
7099.0	78.490955
1462.0	80.962821
7785.0	83.130800
7049.0	82.909278
20674.0	95.720077
4232.0	78.363325
3619.0	65.421129
593.0	67.442106
4108.0	72.566841
5781.0	77.483807
4721.0	76.922835
5122.0	79.047857
5441.0	72.736621
1310.0	75.591727
5781.0	79.010397
5810.0	78.016006
5691.0	75.479561
6916.0	75.778509
6989.0	66.699874
2211.0	72.597797
8720.0	78.135221
8981.0	77.081278
9458.0	77.170961
8478.0	75.385270
8810.0	67.193112
1803.0	70.651602
9027.0	75.500424
9192.0	76.269020
9593.0	74.974160
9376.0	73.010940
9681.0	64.772752
2218.0	70.667948
11232.0	75.979091
10947.0	75.532694
10229.0	73.489794
11020.0	74.232866
9860.0	58.064324
2616.0	65.012532
11360.0	71.870091
9325.0	66.077729
9608.0	64.147075
9300.0	62.891135
8849.0	54.382665
2016.0	60.596216
10575.0	68.273707
9275.0	60.530963
8273.0	59.779429
7639.0	57.378170
7240.0	39.577249
2158.0	48.684331
9033.0	66.034272
9540.0	59.815314
8796.0	60.195211
8562.0	58.327391
7431.0	40.099746
1188.0	44.268845
10064.0	60.856614
9896.0	60.975309
9284.0	56.820573
8302.0	54.394320
7652.0	36.414662
1611.0	41.764337
9239.0	55.857482
7594.0	46.678600
13187.0	70.993397
4961.0	38.978040
4052.0	35.381288
1099.0	42.109719
4504.0	45.664822
4283.0	49.586680
3726.0	43.808098
3846.0	45.183634
4515.0	48.122583
1842.0	57.645498
6006.0	63.880528
6469.0	66.783942
6315.0	68.761419
6409.0	68.465750
6029.0	64.498997
1342.0	68.614246
6391.0	70.571338
5993.0	71.412927
5876.0	71.497520
4919.0	70.015673
5053.0	66.587987
1211.0	70.161300
5004.0	72.225958
4996.0	72.502617
5117.0	75.062155
5190.0	74.800449
4557.0	75.564787
2080.0	79.236682
4695.0	80.990759
4802.0	80.868295
3831.0	80.852044
3271.0	81.949053
2171.0	81.714211
938.0	82.955881
3415.0	83.240590
3239.0	83.379943
1728.0	82.977255
2078.0	83.103266
2193.0	82.318220
1846.0	84.892986
2142.0	84.918016
2476.0	84.520482
2451.0	84.128389
2390.0	84.829377
1943.0	82.679033
1288.0	84.866347
2572.0	84.015934
2494.0	84.549020
2358.0	83.171262
1985.0	82.858162
2433.0	82.014457
1440.0	84.277358
2961.0	83.689503
2617.0	83.835472
2952.0	83.801430
2523.0	82.306656
2312.0	82.677178
1900.0	85.570607
2738.0	83.682130
2893.0	83.150350
12987.0	86.417793
1196.0	80.671725
2148.0	80.318791
473.0	81.706805
2339.0	82.696529
2707.0	82.367435
2645.0	82.506275
2923.0	82.500463
2458.0	81.349292
1362.0	84.498415
2905.0	83.036932
2981.0	82.387058
2724.0	83.622300
2809.0	81.002816
2858.0	79.851581
1909.0	84.262500
3151.0	83.312460
3065.0	81.244471
2988.0	81.623552
3363.0	80.829483
3378.0	79.381993
659.0	81.067336
3756.0	82.997048
3589.0	81.300455
3632.0	81.096023
3709.0	81.097153
3600.0	79.919549
509.0	81.169669
3710.0	80.732010
3754.0	81.055673
4090.0	81.032811
4002.0	80.376702
4231.0	78.133660
542.0	79.788055
4594.0	81.417685
4767.0	80.788325
4186.0	78.930992
4143.0	78.060513
4137.0	75.880499
1302.0	80.114635
4951.0	80.081407
4456.0	77.999108
4937.0	77.213930
4721.0	76.937269
4014.0	72.484227
1223.0	76.988192
4837.0	79.074194
4371.0	76.836737
4542.0	77.077884
4451.0	76.903617
4296.0	74.339382
569.0	76.494014
5013.0	77.785014
4330.0	76.469927
4602.0	76.798849
4346.0	78.160088
4603.0	75.234379
683.0	77.679897
5023.0	80.716240
