5997.0	73.496786
1543.0	69.318628
2091.0	74.769337
814.0	80.486564
2184.0	79.652155
2211.0	79.301897
2102.0	79.211001
2022.0	81.588553
1664.0	80.134477
549.0	83.370287
1831.0	82.239467
1766.0	82.979918
1330.0	80.840985
1165.0	80.244975
1316.0	81.185852
926.0	85.715353
1777.0	86.295660
2154.0	87.082014
1635.0	88.527584
1486.0	87.303922
1684.0	87.256165
984.0	90.859401
1676.0	89.401028
1681.0	89.275021
1719.0	90.280617
1748.0	90.512554
1778.0	90.353536
956.0	92.705857
1891.0	92.478300
1893.0	91.794859
1785.0	92.119606
1907.0	91.880622
1746.0	91.065515
1323.0	93.660929
1914.0	92.797749
1686.0	92.543257
1982.0	92.991296
2079.0	92.615561
1977.0	92.235180
3391.0	94.305884
3033.0	92.892866
2597.0	93.268523
2189.0	93.460158
2279.0	93.143478
2202.0	92.107109
2133.0	94.796906
2736.0	93.252643
2647.0	93.000761
2563.0	93.381797
2444.0	92.868052
2422.0	92.764710
2146.0	94.820292
3176.0	93.923505
3585.0	94.423197
3147.0	93.967567
3319.0	94.050315
3173.0	93.560618
1976.0	95.041063
3105.0	94.595833
3280.0	93.936490
11458.0	95.627709
2244.0	93.545073
2174.0	92.901155
1422.0	94.633209
2632.0	94.726577
1701.0	95.091913
1330.0	92.314843
1171.0	92.823348
888.0	92.785796
447.0	93.408105
902.0	93.377709
1018.0	93.816144
915.0	93.356944
853.0	93.698707
1001.0	93.219384
165.0	93.551326
932.0	94.128809
1093.0	93.615914
1962.0	93.532346
1549.0	93.343518
1616.0	93.800368
753.0	94.338117
1911.0	94.474702
1242.0	94.380261
1912.0	94.367691
2353.0	94.413181
1869.0	94.214040
294.0	94.307072
2198.0	94.608001
1941.0	94.458282
2339.0	94.367515
2024.0	94.479664
2426.0	94.428466
1279.0	94.580276
2112.0	94.291239
2584.0	94.586392
3903.0	93.973525
2963.0	94.037518
2898.0	93.595073
701.0	93.738370
3374.0	94.366133
3101.0	94.214928
3543.0	94.692183
3558.0	94.315496
3706.0	93.496428
4017.0	94.047835
4729.0	94.526868
4356.0	94.509910
4359.0	94.832349
4694.0	95.593232
4491.0	94.888402
4080.0	95.263574
5484.0	95.032411
5138.0	95.989859
5870.0	95.743080
5433.0	95.453033
4802.0	95.105386
5005.0	95.598654
5289.0	95.891372
4331.0	95.900367
15855.0	97.055020
3606.0	95.639050
3686.0	94.747791
1152.0	95.316086
3732.0	96.293867
3798.0	95.571612
3746.0	95.916405
3811.0	95.770142
3796.0	94.625898
1644.0	95.220175
3719.0	96.315340
4252.0	95.777506
4703.0	95.858865
3737.0	96.195487
4144.0	94.881798
1664.0	95.384445
4629.0	96.319081
3500.0	96.170839
3787.0	96.213405
3809.0	95.994989
4179.0	95.121516
2625.0	95.724451
6133.0	96.515646
4975.0	96.414738
4920.0	96.843275
5172.0	96.250537
3983.0	94.935879
2687.0	95.635861
4558.0	96.744372
5137.0	97.116409
6560.0	96.133960
4251.0	96.396290
4414.0	94.165212
3238.0	95.140165
4486.0	96.313281
4773.0	96.809019
4631.0	96.420170
4547.0	96.568929
4659.0	94.320258
718.0	94.798337
4765.0	96.341992
4698.0	96.455044
4716.0	96.429990
4548.0	96.495463
4645.0	94.728245
799.0	94.816099
4457.0	96.846317
4542.0	97.090614
4510.0	96.147442
4047.0	96.309377
4000.0	94.281923
1998.0	95.206508
4199.0	96.931336
3704.0	96.087520
3567.0	96.423943
3633.0	95.609328
3663.0	94.122098
1540.0	94.932505
3484.0	96.115033
3173.0	96.170435
15397.0	97.300199
2277.0	95.496146
2398.0	94.402114
1492.0	95.219830
3527.0	95.850799
2728.0	95.851361
3095.0	95.330674
3568.0	95.612690
3420.0	94.406961
1314.0	95.339055
4224.0	95.572075
3081.0	95.141931
3441.0	94.263140
3770.0	94.077805
3741.0	92.668732
2419.0	94.432215
3868.0	94.445522
3475.0	93.364031
3071.0	92.933676
3643.0	92.249071
3123.0	89.476060
2395.0	92.311342
3753.0	91.924257
3131.0	91.919499
3173.0	92.234127
2499.0	92.135817
2640.0	92.380288
1363.0	93.113846
2821.0	93.627758
2541.0	94.008643
2835.0	93.204435
2680.0	93.734462
1882.0	93.501627
1550.0	93.772931
1975.0	93.494656
2237.0	94.349926
2445.0	94.266392
1924.0	93.896362
1760.0	94.093822
361.0	94.124612
2484.0	94.608293
2288.0	93.975263
2365.0	94.237283
2095.0	94.440441
1906.0	94.058304
715.0	94.334942
2477.0	94.592016
1441.0	93.957412
1446.0	94.742813
1688.0	94.236705
1722.0	93.675397
61.0	93.704207
1411.0	94.373231
1464.0	94.259493
947.0	94.018754
1418.0	94.486950
981.0	94.702575
280.0	94.674858
1028.0	94.463777
1070.0	94.335127
11085.0	94.989624
1562.0	94.044272
1803.0	93.630343
301.0	93.786476
2217.0	93.885669
2307.0	93.910276
3137.0	93.891376
3121.0	94.113247
2440.0	93.758338
940.0	93.983414
2551.0	94.144443
2585.0	94.544210
3201.0	94.593286
2982.0	94.210977
2369.0	93.684094
3243.0	94.128627
4030.0	94.507725
2580.0	94.158096
3415.0	94.134081
3299.0	93.992294
2544.0	93.321809
1032.0	93.575224
2841.0	94.168422
3419.0	94.746046
3454.0	94.276542
3068.0	94.772264
3359.0	93.810944
3921.0	94.232214
3368.0	94.517847
3872.0	94.599384
3651.0	94.613638
4255.0	94.940262
3565.0	94.287498
3591.0	94.770943
3702.0	95.302296
3390.0	95.517355
4947.0	94.402240
3372.0	94.927473
3181.0	94.536086
276.0	94.668930
2897.0	96.238590
3395.0	95.447572
3371.0	95.244177
3154.0	95.082995
3309.0	94.090412
4567.0	94.815893
2968.0	94.976850
3391.0	94.612837
3406.0	94.662801
3287.0	94.363805
3409.0	93.807857
2871.0	94.363243
3266.0	94.508585
3258.0	94.803961
3708.0	94.232260
5137.0	94.469373
6256.0	89.278130
4433.0	91.711685
8585.0	85.180067
8272.0	81.440806
31468.0	92.808273
6132.0	81.398883
6528.0	78.736439
2103.0	81.444476
7341.0	84.248718
6728.0	84.693893
6400.0	85.023249
6364.0	86.027547
7106.0	82.361984
2288.0	84.265464
11376.0	93.217753
10140.0	93.287825
10301.0	92.024379
5428.0	88.454310
4140.0	73.794023
896.0	75.962620
4062.0	79.510354
3183.0	75.276235
3183.0	71.698162
2564.0	67.488717
2733.0	63.256547
840.0	66.957737
3559.0	68.572865
4103.0	68.309332
4997.0	70.289471
6746.0	74.974339
8658.0	74.739790
2174.0	76.573009
11109.0	83.437255
10211.0	84.040685
9133.0	80.900130
7658.0	80.683169
5673.0	71.366264
1357.0	73.613278
6237.0	75.165345
5585.0	72.001578
4207.0	66.271320
3825.0	61.894933
4086.0	57.288635
1296.0	61.763573
6445.0	70.518985
7528.0	76.118833
8784.0	79.234312
10625.0	84.008821
8005.0	75.506043
1840.0	78.662288
8591.0	83.503729
7138.0	80.750813
5360.0	74.534612
3307.0	62.853985
3233.0	58.260439
891.0	63.931544
4316.0	65.733565
4811.0	70.406178
5526.0	73.100317
6034.0	76.232862
6970.0	75.173113
1622.0	77.896452
8227.0	85.873149
7164.0	87.273739
10806.0	90.977480
5140.0	87.959083
5022.0	85.748203
1171.0	87.979295
5458.0	87.645312
6466.0	88.788549
6499.0	86.590396
5847.0	84.078119
4720.0	73.615512
1166.0	77.618473
5104.0	80.776535
5646.0	80.412096
5128.0	78.214662
5108.0	76.119649
4467.0	70.160577
1147.0	73.150214
4873.0	76.096608
5917.0	82.712310
5088.0	79.485251
4912.0	80.364659
4998.0	75.535348
1424.0	78.279519
6304.0	85.747402
6006.0	84.622826
5897.0	84.059045
6430.0	83.809768
6081.0	76.619476
1804.0	79.856411
6968.0	82.416511
6686.0	81.936017
7005.0	79.497677
6832.0	79.736225
6380.0	74.012409
1112.0	75.913349
6573.0	77.900307
6435.0	78.997863
6007.0	78.634548
5701.0	78.514231
5300.0	73.982092
1610.0	76.848849
6592.0	80.383355
5873.0	80.103630
6438.0	81.241310
5541.0	80.289578
6144.0	75.076281
1227.0	78.002654
6753.0	81.702603
6850.0	80.812842
6254.0	79.879112
6022.0	79.632111
5702.0	74.661500
1421.0	78.046989
7670.0	81.779447
7260.0	81.063598
7066.0	81.124683
6314.0	79.237709
6278.0	74.818970
1444.0	77.937259
6093.0	78.145630
5938.0	78.803525
20439.0	95.568724
3725.0	76.015250
3756.0	65.962919
986.0	69.721783
3555.0	70.887828
4199.0	71.035706
4956.0	76.539940
4710.0	77.125733
5072.0	71.711550
1299.0	74.819495
5738.0	78.893661
5799.0	77.765891
5645.0	75.121981
6167.0	72.835507
6954.0	67.118107
1220.0	70.100258
7990.0	76.137818
7397.0	71.877219
7810.0	71.540346
7563.0	70.840299
7618.0	62.569342
1215.0	65.498134
8134.0	72.377412
7758.0	71.865601
7776.0	68.824919
8017.0	68.582956
8080.0	59.701985
1470.0	64.039346
9372.0	71.824423
7827.0	65.765662
7657.0	63.611419
6675.0	57.419119
6304.0	42.812746
1575.0	49.569988
7988.0	61.144772
6580.0	53.272408
6144.0	47.065385
5641.0	42.382362
5634.0	36.881700
1212.0	42.052878
7374.0	54.832520
7908.0	53.587418
6794.0	51.710118
6573.0	51.529556
6869.0	38.527217
746.0	40.959034
7312.0	56.664663
7659.0	50.349572
7233.0	52.461670
7656.0	52.767067
7314.0	38.822619
1165.0	43.706716
8568.0	54.979021
8896.0	57.795554
8868.0	54.750097
8302.0	55.305247
7796.0	36.162256
960.0	39.293692
7482.0	48.780113
6645.0	42.299001
9392.0	58.132829
4977.0	40.070670
4105.0	35.833994
1025.0	42.592988
3891.0	41.702776
3845.0	44.463016
3745.0	42.688275
3705.0	44.366882
3661.0	42.542802
881.0	48.435574
3405.0	47.047793
3563.0	47.404283
3551.0	50.377204
3650.0	51.076998
3538.0	47.747953
1253.0	55.267470
4905.0	61.508613
4197.0	59.629204
3900.0	59.933011
4035.0	63.463859
4248.0	61.536212
1325.0	66.087558
4505.0	68.186299
3934.0	66.802075
3860.0	67.838577
3815.0	67.375245
3517.0	68.787362
1220.0	72.000739
3022.0	72.591687
3477.0	72.793034
3269.0	75.579739
2833.0	77.000779
2537.0	79.746303
1309.0	81.768988
2202.0	80.011047
2414.0	80.251515
1848.0	81.219116
1984.0	80.465826
2002.0	79.905624
921.0	81.505254
2133.0	82.849162
1597.0	80.930091
1885.0	80.890132
1686.0	81.087638
1900.0	80.317453
787.0	81.608359
2549.0	82.364459
1636.0	81.195314
2150.0	80.373406
1871.0	80.406641
2225.0	80.326488
757.0	81.788620
2830.0	82.047539
2395.0	82.024155
1986.0	80.202966
2187.0	79.346456
2527.0	81.398714
971.0	82.768851
2524.0	81.471329
2600.0	81.079665
12334.0	85.607609
966.0	79.130178
1825.0	78.462277
442.0	79.905926
2094.0	81.244716
2346.0	80.982374
1870.0	79.640806
2259.0	79.285523
1972.0	78.346795
1428.0	82.244938
2621.0	81.243777
2667.0	80.960287
2012.0	80.396593
2543.0	79.759171
2546.0	77.574789
593.0	79.597067
2991.0	80.765571
2737.0	78.697257
2757.0	79.340007
3023.0	78.525036
3032.0	77.904045
654.0	79.791869
2838.0	79.188611
3290.0	78.916726
3249.0	79.040409
3338.0	78.697565
3265.0	77.013272
614.0	78.862292
3288.0	78.344441
3344.0	78.747421
3676.0	79.098740
3049.0	75.604574
3328.0	73.303276
1283.0	78.859380
4171.0	79.746401
3646.0	74.609011
3680.0	75.426453
3743.0	74.965099
3622.0	72.927736
632.0	75.304527
4563.0	77.856121
3971.0	74.499248
4320.0	74.128754
4193.0	73.244468
3552.0	68.980131
1087.0	74.613544
3738.0	73.523563
3809.0	73.974566
3957.0	73.402938
3990.0	74.575982
3723.0	71.139143
655.0	73.976123
3875.0	73.197606
3832.0	74.402808
4013.0	73.490621
3835.0	74.827583
4054.0	72.336735
733.0	75.017638
3865.0	75.602505
