5997.0	73.496786
1543.0	69.318628
1969.0	72.473101
588.0	77.802424
1928.0	77.220905
1909.0	77.234675
1854.0	77.404293
1741.0	78.873392
1622.0	79.309993
758.0	83.512341
1757.0	81.704159
1640.0	81.665560
1131.0	78.079926
1147.0	79.711079
1205.0	80.055638
770.0	84.236924
1573.0	84.208918
1698.0	86.954786
1537.0	87.534887
1506.0	86.624524
1366.0	85.712563
1433.0	89.469415
1689.0	88.554826
1693.0	89.123970
1733.0	89.621748
1663.0	89.908712
1651.0	89.730381
913.0	92.056715
1930.0	91.910625
1792.0	91.868699
1694.0	91.830902
1860.0	91.735211
1798.0	91.304776
1201.0	93.945523
1725.0	92.932190
1711.0	92.930016
2025.0	93.346058
2051.0	93.440765
1901.0	92.402482
1124.0	94.123698
1872.0	93.658187
2132.0	93.599839
2463.0	93.603997
2130.0	93.153925
1951.0	91.915726
3496.0	93.996786
2973.0	92.258896
2432.0	92.542963
2523.0	93.176711
2293.0	92.605812
2325.0	92.871396
1882.0	94.353293
2730.0	93.302348
2884.0	93.192550
2639.0	92.896437
3006.0	93.247767
2862.0	92.592253
2211.0	94.572268
3200.0	94.445170
3381.0	94.276855
10814.0	95.679782
2225.0	93.584403
2343.0	93.263688
1374.0	94.927400
2408.0	94.940750
1460.0	94.983420
1138.0	92.123508
955.0	92.213250
1042.0	92.574799
571.0	93.024732
765.0	92.876493
835.0	92.907585
753.0	93.291268
973.0	93.847093
867.0	93.269902
331.0	93.671843
934.0	93.560389
1110.0	93.426842
1984.0	93.624463
1603.0	93.389664
1489.0	93.280536
158.0	93.292636
1464.0	93.755568
1270.0	94.063523
1407.0	93.806681
2009.0	94.006060
1577.0	94.221435
1113.0	94.449521
2185.0	94.475030
1818.0	94.586530
2316.0	94.173296
1855.0	94.218867
2280.0	94.206571
377.0	94.262245
2104.0	94.475523
2617.0	94.400756
3863.0	93.927332
3033.0	94.391092
2880.0	93.740397
309.0	93.851567
3261.0	94.412523
3063.0	94.385245
3328.0	94.610955
3657.0	94.421992
3608.0	93.550965
462.0	93.530078
3617.0	94.449146
4285.0	93.996710
4420.0	94.976309
4625.0	95.509175
4419.0	94.715899
597.0	94.757997
5458.0	94.994912
5083.0	95.636749
5873.0	95.810423
5430.0	95.488580
4892.0	94.950714
651.0	95.063153
4984.0	95.916027
4384.0	95.781409
15855.0	97.055020
3352.0	95.418073
3451.0	94.470967
1627.0	95.269390
3744.0	96.301488
3803.0	95.989704
3709.0	96.068713
3861.0	95.911565
3789.0	94.644450
1596.0	95.077327
3729.0	95.964537
4332.0	95.726684
4681.0	95.903549
3717.0	96.085753
4102.0	94.756262
1745.0	95.338066
4728.0	96.442936
3547.0	96.194749
3741.0	95.972669
3776.0	96.065705
4043.0	95.139107
1826.0	95.370231
4820.0	96.101126
3951.0	95.898971
4513.0	96.470863
5489.0	96.429709
3995.0	95.178956
2018.0	95.678649
4749.0	96.656115
3911.0	96.541450
6042.0	95.620134
3920.0	95.924594
4619.0	94.321899
852.0	94.604699
4867.0	96.323071
4381.0	96.508397
4912.0	96.511660
4668.0	96.240752
4654.0	94.475047
842.0	94.736820
4765.0	96.548489
4736.0	96.606958
3854.0	96.189228
3855.0	96.054569
3987.0	94.200681
2060.0	94.982388
4563.0	97.008267
3721.0	96.570402
4683.0	96.594763
4129.0	96.148200
3356.0	93.696292
2000.0	94.627732
4450.0	96.709216
3604.0	95.974774
3443.0	96.213297
3354.0	95.266160
3440.0	93.797117
1631.0	94.865608
3512.0	96.489502
3172.0	96.089782
15397.0	97.300199
2260.0	95.381475
2029.0	94.363632
1340.0	95.038539
3329.0	95.752561
2726.0	95.502340
3208.0	95.447006
2455.0	94.589591
2449.0	93.527248
2121.0	94.986963
4219.0	95.249026
3396.0	95.064051
3873.0	95.178777
3822.0	93.833893
3336.0	92.082154
2419.0	94.156470
3761.0	93.891619
4046.0	94.010483
2910.0	92.953154
2876.0	91.613077
2967.0	89.383881
2431.0	92.201871
3889.0	93.607510
3166.0	92.582427
3036.0	92.321734
2912.0	93.066497
2383.0	92.279289
1874.0	93.959610
2777.0	93.801583
2579.0	94.081743
3112.0	93.837034
2239.0	93.421298
1834.0	93.297711
1727.0	93.944419
1924.0	93.537561
1489.0	93.893265
1935.0	93.784224
2042.0	93.806633
1222.0	93.255080
879.0	93.721388
2005.0	94.061362
1897.0	94.002587
1856.0	93.615282
1712.0	94.089999
1953.0	93.744039
931.0	94.085187
1962.0	94.084917
1312.0	93.618734
1746.0	94.515410
1884.0	94.118400
1553.0	93.764564
290.0	93.882266
1444.0	94.598492
1298.0	93.997367
1057.0	94.051952
1282.0	94.068537
900.0	94.213078
187.0	94.334366
1044.0	94.720354
1116.0	94.465938
11085.0	94.989624
1173.0	93.874926
1963.0	93.656143
317.0	93.695914
2059.0	93.816401
2025.0	93.651491
2953.0	93.629963
2899.0	93.833757
2346.0	93.381002
349.0	93.697713
2619.0	94.139242
2605.0	94.419198
2985.0	94.305981
2810.0	94.175724
2457.0	93.797233
1032.0	93.957980
2113.0	93.983045
2667.0	94.087185
3502.0	93.923156
3010.0	94.107288
2360.0	93.317296
369.0	93.528443
2746.0	94.431610
3378.0	94.533792
3211.0	93.882875
3079.0	94.623032
3111.0	93.426967
417.0	93.646255
3576.0	94.574269
3608.0	94.536321
3317.0	94.233140
4101.0	94.232784
3430.0	94.268435
377.0	94.400499
3753.0	95.045950
3382.0	95.427795
4998.0	94.628570
3312.0	94.784529
3045.0	94.798371
279.0	94.838339
2860.0	95.867906
3073.0	95.398405
3063.0	94.906925
3092.0	94.941542
3158.0	93.945257
319.0	94.066953
3085.0	94.958619
3419.0	94.709662
2943.0	94.407348
3105.0	93.963310
3087.0	93.566537
826.0	93.817671
3375.0	94.082262
3278.0	94.834156
3480.0	94.159709
4672.0	94.278354
6254.0	89.184102
3299.0	90.951235
7283.0	83.496602
7723.0	80.056714
31971.0	92.882432
7363.0	84.110715
8694.0	84.299079
647.0	84.544747
8743.0	87.583891
8589.0	88.940005
6513.0	86.968268
6959.0	88.267933
8266.0	84.434539
1390.0	85.329432
11052.0	93.298671
8940.0	93.052725
8421.0	90.196868
3880.0	84.667180
3012.0	69.380983
299.0	69.943765
2662.0	70.992327
2627.0	69.606538
2774.0	66.875626
2786.0	66.178805
2624.0	62.235772
399.0	63.746603
3219.0	65.223611
4051.0	66.969633
5236.0	70.492031
6709.0	74.677550
7683.0	73.325180
1643.0	75.380186
11361.0	82.995405
10526.0	84.025186
8775.0	81.412594
6292.0	77.861862
4066.0	64.591386
461.0	65.585540
4095.0	63.968222
3783.0	60.703154
3169.0	56.480612
3401.0	56.121116
3689.0	53.329468
1061.0	58.081091
5311.0	65.894632
5708.0	69.485567
7762.0	76.195808
8844.0	79.613383
8720.0	76.192039
1497.0	77.995877
7840.0	81.329009
7733.0	81.351761
6641.0	79.710446
4238.0	68.687714
3162.0	58.746605
593.0	62.367690
4127.0	65.605305
3746.0	66.199120
4093.0	65.370654
4442.0	68.659690
4781.0	67.556593
1578.0	72.364303
6234.0	81.242999
7196.0	85.977821
10196.0	89.643325
4647.0	86.529674
4631.0	84.033718
2353.0	88.799198
5757.0	88.887669
7052.0	90.231650
6612.0	87.226630
6794.0	87.807685
5578.0	77.927969
1898.0	82.570538
6325.0	85.845341
6362.0	84.786521
4935.0	79.744699
4928.0	76.483885
3741.0	66.051317
901.0	69.523221
4524.0	74.780683
4189.0	75.033196
4192.0	74.611269
4427.0	77.371822
5235.0	74.636265
1503.0	77.801199
6158.0	85.648541
6330.0	85.270110
5883.0	84.142077
5771.0	82.303357
5498.0	74.341815
1504.0	77.595945
5484.0	78.472081
5601.0	77.824829
6428.0	77.100128
6107.0	77.287696
5976.0	72.527333
1906.0	76.500651
6214.0	78.185886
5497.0	76.420389
5790.0	77.801174
5717.0	77.886778
4748.0	72.568698
2229.0	77.939158
6208.0	80.872607
5386.0	80.273348
5501.0	78.875527
5745.0	79.615706
6318.0	75.808743
2082.0	79.471696
6826.0	82.546593
7332.0	81.677698
6042.0	79.396793
6168.0	79.489972
5507.0	74.595627
1525.0	78.199787
7237.0	80.277992
5660.0	76.116627
5283.0	74.743491
4991.0	73.342694
4862.0	68.635345
1329.0	72.356936
5818.0	76.216126
5186.0	75.306261
18922.0	94.268787
3104.0	72.475848
2883.0	59.047603
1025.0	64.523078
2672.0	63.927811
2896.0	62.205343
2891.0	62.636960
2911.0	63.571704
4436.0	64.645983
1346.0	68.967190
4928.0	73.496673
4811.0	71.682564
5254.0	71.269096
5226.0	68.293692
6298.0	63.216833
1695.0	67.916936
7355.0	73.009900
7409.0	71.609810
7047.0	68.751532
6672.0	67.466689
6744.0	59.432556
1250.0	63.414700
7265.0	69.023302
7054.0	68.947346
7513.0	67.348850
7483.0	66.228525
7606.0	57.900333
1681.0	63.274250
8863.0	69.086050
7819.0	65.624859
7683.0	64.744411
6782.0	57.112489
6323.0	43.027131
1528.0	49.260273
6920.0	54.292106
6587.0	53.176766
6108.0	47.580563
5545.0	43.825637
5625.0	37.982589
1129.0	42.947126
6932.0	52.462040
6530.0	46.606365
6595.0	51.014405
6578.0	50.649334
6911.0	38.200833
1241.0	44.075383
6664.0	53.330979
7501.0	51.286864
7224.0	51.965826
7671.0	53.179063
7385.0	38.681247
1261.0	43.273206
8618.0	55.863724
8822.0	57.535008
8912.0	55.729836
8328.0	53.416419
7864.0	36.325871
924.0	39.153366
7553.0	48.981925
6657.0	41.869748
7651.0	50.913407
4978.0	39.152332
4120.0	36.216241
778.0	40.717056
3925.0	40.867272
3875.0	45.088523
3780.0	44.366216
3677.0	44.283684
3620.0	41.067959
843.0	47.023848
3390.0	46.585048
3587.0	47.062345
3578.0	49.140575
3691.0	51.329127
3514.0	46.908760
559.0	50.105275
3368.0	52.171949
3112.0	50.805941
3047.0	51.809903
2810.0	53.645397
2968.0	50.278505
788.0	54.210654
3022.0	55.767920
3101.0	57.733583
3491.0	62.951601
3015.0	61.482668
2711.0	61.588155
1434.0	65.700786
2937.0	69.587283
2492.0	67.306253
2633.0	69.369224
2419.0	72.071568
2494.0	75.649380
1914.0	78.937996
2749.0	79.417226
2483.0	79.232169
1907.0	81.016277
2049.0	81.051178
1944.0	79.222882
1063.0	81.280470
1496.0	80.823204
1788.0	80.716728
1915.0	80.715852
1723.0	80.849568
1899.0	80.093869
759.0	81.695915
1717.0	80.161839
1873.0	81.145583
2179.0	80.165476
1806.0	80.247897
2166.0	79.946513
858.0	81.632611
2098.0	80.287018
1996.0	80.604752
2203.0	80.617418
2000.0	78.296144
2083.0	79.408793
750.0	81.255039
2127.0	79.590553
2312.0	79.308661
11241.0	83.275312
803.0	76.844411
1464.0	75.530027
467.0	77.436134
1773.0	78.464476
2052.0	78.779367
2051.0	79.624279
2203.0	78.830549
2042.0	77.687449
617.0	79.588450
2389.0	79.119758
2404.0	78.610577
2121.0	79.577554
2583.0	78.753532
2676.0	77.466544
570.0	79.344126
2527.0	78.399313
2951.0	78.790111
2704.0	78.575109
2450.0	76.308390
2627.0	74.735498
1359.0	79.454568
2866.0	78.994334
3301.0	78.604705
2704.0	76.319594
2913.0	75.633260
2820.0	74.949591
601.0	77.517970
3378.0	78.324002
2862.0	75.854098
3175.0	75.785110
3129.0	75.453118
3323.0	73.912922
653.0	76.585983
3568.0	75.810210
3713.0	75.097118
3630.0	75.775379
3726.0	75.251384
3625.0	73.071093
658.0	75.441192
3895.0	74.769518
3991.0	74.376068
3843.0	69.885933
3644.0	70.117519
3245.0	67.398375
1533.0	74.911552
3781.0	73.389835
3815.0	74.022258
3566.0	70.215265
3553.0	71.353170
3298.0	68.389099
1219.0	74.341640
3892.0	73.254612
3873.0	74.690007
3584.0	71.090118
3411.0	71.897856
3622.0	68.631038
1467.0	75.170379
3967.0	75.646739
