7099.0	81.048608
2204.0	77.194704
2593.0	77.738735
1006.0	83.508048
2955.0	83.743023
3164.0	84.836398
2999.0	85.605369
2560.0	84.740751
2365.0	84.472138
1336.0	86.394848
2484.0	85.985882
2248.0	86.463539
1684.0	83.858900
1718.0	85.613074
1818.0	85.466305
1330.0	89.310221
2313.0	89.282631
2215.0	90.702487
2070.0	90.347960
1954.0	90.353114
1962.0	90.261969
1525.0	93.102578
2288.0	92.425546
2257.0	91.987362
2259.0	93.099155
2385.0	92.804340
2366.0	92.474515
3325.0	93.855289
2982.0	92.721356
2854.0	93.602769
2533.0	93.759715
2825.0	93.696262
2812.0	93.681734
2037.0	95.190465
2901.0	94.702591
2493.0	94.274883
2982.0	94.558584
3028.0	94.204582
3193.0	94.428633
1309.0	95.641811
2977.0	95.080110
3256.0	95.292411
3705.0	94.747056
3757.0	95.182005
2992.0	93.753701
2008.0	95.853565
3509.0	94.627919
3425.0	94.500785
3152.0	94.408826
3545.0	94.449701
3906.0	95.166516
2133.0	96.059118
3711.0	94.602527
3927.0	94.916477
3656.0	94.749987
4091.0	94.792188
3929.0	94.212377
2319.0	95.689903
4204.0	95.378284
4441.0	95.250418
14684.0	96.599678
3800.0	95.824330
3617.0	94.823054
1625.0	95.313674
3799.0	95.546057
2775.0	96.295889
2153.0	94.287576
1897.0	94.064980
1627.0	94.132495
470.0	94.168639
1520.0	94.476262
1557.0	94.817348
1648.0	94.394862
2384.0	94.456308
1591.0	94.294947
4285.0	94.667183
3184.0	95.190486
4120.0	95.275853
5655.0	95.256601
4087.0	95.346739
2826.0	94.459197
2731.0	95.251101
3887.0	95.738925
4358.0	95.326322
3391.0	95.410739
4879.0	95.317199
4168.0	95.214408
580.0	95.260753
4845.0	95.386384
4156.0	95.710501
5138.0	95.169968
4101.0	95.253198
5132.0	95.267941
725.0	95.404902
4266.0	95.697025
5052.0	95.387500
9656.0	94.936586
6037.0	94.876391
5340.0	94.519796
1357.0	94.768474
6796.0	95.247918
5992.0	95.486362
6481.0	95.514438
6174.0	95.728566
5843.0	94.251865
1829.0	94.687948
6382.0	95.246797
7184.0	95.176993
6196.0	95.632990
6941.0	96.032765
5972.0	94.937385
1694.0	95.299464
7817.0	95.464245
6794.0	96.059034
8811.0	96.137377
8136.0	95.953491
7420.0	95.280727
1960.0	95.577635
7981.0	96.378545
6406.0	96.565588
18798.0	97.263172
4106.0	96.111340
4527.0	94.917441
861.0	95.143455
4025.0	96.497000
5143.0	96.399274
4767.0	96.636337
4989.0	96.544586
4970.0	95.308608
194.0	95.351629
5077.0	96.633152
5492.0	96.404922
5727.0	96.153511
5118.0	96.790457
5650.0	95.598636
386.0	95.573594
4806.0	96.562122
5066.0	96.663192
5033.0	96.712070
5298.0	96.614418
5458.0	95.703653
3987.0	95.947960
6510.0	96.805755
5316.0	96.623077
5866.0	96.963399
6996.0	97.137640
5344.0	95.630529
3893.0	95.817758
6956.0	97.415062
5334.0	97.273949
9126.0	96.658154
6051.0	96.957912
6390.0	94.972967
1865.0	95.154239
6935.0	97.156033
6989.0	97.506015
6919.0	96.876322
6509.0	96.841572
6577.0	95.132379
1117.0	95.396954
6744.0	97.157804
6633.0	97.254664
6703.0	97.388326
6509.0	97.143980
6565.0	95.294671
1083.0	95.443503
6524.0	97.533577
6442.0	97.562990
5675.0	96.837888
5060.0	96.652282
5137.0	94.767004
2617.0	95.507086
5075.0	97.531715
4913.0	96.851316
4437.0	97.016753
4835.0	96.551789
4665.0	94.612225
2454.0	95.371376
4369.0	97.043025
4469.0	96.888287
19871.0	97.668861
2995.0	95.999095
3054.0	95.254306
1842.0	95.912047
4675.0	96.712147
4055.0	96.402234
4739.0	96.414694
4470.0	96.378796
4207.0	94.992602
1292.0	95.662030
5362.0	96.180662
4384.0	95.691208
5335.0	96.066295
5142.0	95.159256
5019.0	94.014131
2917.0	95.478681
5453.0	96.005616
5313.0	95.142526
4900.0	95.082471
4420.0	93.662821
4621.0	92.046115
1978.0	93.447047
4783.0	93.864387
4136.0	93.172555
4214.0	93.147932
3649.0	93.767493
3597.0	93.497653
2044.0	94.380973
3795.0	95.006627
3360.0	94.565364
3781.0	94.134110
3337.0	94.515240
2514.0	94.468976
3957.0	94.891819
3195.0	94.304904
4057.0	94.951317
3399.0	94.759210
3987.0	94.617051
2215.0	94.326291
1186.0	94.668607
3766.0	95.262960
3186.0	94.737703
4091.0	95.154185
3468.0	95.172145
3406.0	94.840522
1003.0	95.180397
4102.0	95.304069
2185.0	95.012282
2622.0	95.543054
3386.0	95.062425
2185.0	94.638296
817.0	94.878393
2175.0	95.316948
3023.0	95.278843
1531.0	95.323392
3256.0	95.399627
2686.0	95.363338
506.0	95.506543
2095.0	95.508608
2188.0	95.419192
12933.0	95.526076
1519.0	94.637053
2030.0	94.102043
2969.0	94.752317
3853.0	94.968342
3761.0	94.714189
4263.0	94.503551
4110.0	94.702066
3982.0	94.438546
1154.0	94.967475
4172.0	95.216892
4207.0	95.443302
5141.0	95.543550
4571.0	95.023589
4027.0	94.487457
659.0	94.573033
3662.0	95.031577
4783.0	95.101062
5941.0	95.132273
5333.0	94.957103
4260.0	94.308886
1298.0	94.797601
4893.0	95.498569
5467.0	95.526785
5435.0	95.248245
4971.0	95.395571
5533.0	94.568124
751.0	94.788840
5569.0	95.356530
6442.0	95.832164
5251.0	95.273823
5640.0	95.461251
5264.0	94.756066
1080.0	95.134007
6339.0	95.852620
5538.0	96.331998
6224.0	94.918091
3853.0	95.016934
3708.0	95.048289
3998.0	95.499419
5600.0	96.381154
5534.0	96.171015
5325.0	95.522981
5725.0	95.748092
5481.0	94.813637
1108.0	95.044144
5792.0	95.715776
5564.0	95.160529
5873.0	95.301548
5367.0	95.043253
5419.0	94.374942
1125.0	94.914119
6060.0	95.509713
6350.0	95.908960
6186.0	95.067967
7310.0	95.093062
8889.0	90.935163
4965.0	92.708809
10229.0	87.427185
10482.0	84.313580
35626.0	93.873135
9999.0	87.602747
11615.0	87.055850
1353.0	87.567199
10083.0	89.584864
10447.0	90.806153
10650.0	92.275265
10729.0	93.555537
12697.0	90.501690
2146.0	91.200281
14569.0	97.953782
11297.0	97.077947
8518.0	91.566211
4054.0	85.459764
2877.0	68.434585
682.0	70.386441
3320.0	75.608081
2816.0	70.754129
3583.0	70.655639
4082.0	73.336743
4812.0	72.176596
897.0	73.542622
8509.0	82.553168
11372.0	86.919672
13030.0	89.081919
13392.0	90.126497
12547.0	85.676753
2262.0	86.703061
14042.0	90.468067
9245.0	85.405563
6896.0	77.296345
4829.0	72.156076
4220.0	62.664331
495.0	64.025102
6299.0	72.469303
8122.0	78.098656
8518.0	79.454858
11070.0	83.550437
12709.0	81.346815
2062.0	82.700101
15719.0	90.137093
12818.0	89.839349
11448.0	87.706176
9529.0	84.938456
6267.0	71.749818
930.0	74.101296
6423.0	78.343465
6631.0	79.050690
7498.0	80.783645
7542.0	80.462464
8945.0	80.187326
1634.0	82.361298
14914.0	91.725899
12574.0	91.738917
11186.0	89.645722
9977.0	89.589640
7769.0	81.864307
1315.0	83.886057
8451.0	88.522781
6915.0	87.235888
13078.0	93.912449
6103.0	90.913910
5700.0	87.923434
1811.0	90.179378
9173.0	94.703439
10116.0	95.149051
10517.0	94.722287
9651.0	93.628955
10012.0	88.428120
1413.0	89.551256
8562.0	91.733015
8257.0	89.264435
7677.0	88.229129
7138.0	85.309965
6657.0	78.617710
1241.0	80.934781
7466.0	86.564885
6943.0	86.376634
7170.0	87.400858
6470.0	86.798088
6620.0	81.274179
1357.0	83.440346
7623.0	89.815297
7577.0	89.048734
7486.0	88.652102
7037.0	86.542302
7965.0	81.467251
2130.0	84.317525
9644.0	88.937643
9084.0	88.248888
8495.0	84.914357
8983.0	86.017677
8662.0	81.536190
1971.0	83.431290
9306.0	86.276230
7926.0	85.056810
7833.0	84.500479
7244.0	84.004658
5900.0	78.414793
2513.0	81.756688
10352.0	88.851660
9613.0	90.134607
9120.0	88.863272
9265.0	89.958278
9987.0	85.084424
2227.0	86.891805
9024.0	88.812604
9525.0	87.939252
9184.0	88.143061
9217.0	87.744767
9407.0	84.632720
1782.0	86.398682
11569.0	89.142834
10241.0	88.445286
10006.0	88.354871
9612.0	87.843512
8480.0	81.961539
1911.0	84.103494
8191.0	85.255127
7312.0	84.482837
25348.0	98.066612
6889.0	87.388832
6981.0	79.797230
1386.0	81.921576
6548.0	85.985211
7170.0	84.539517
6559.0	85.300886
6775.0	86.328215
7856.0	80.951498
2061.0	83.839901
8773.0	88.039964
7535.0	84.913256
7631.0	83.601158
8255.0	81.734878
9574.0	75.384634
1628.0	77.780080
9789.0	81.442591
10047.0	80.878869
10658.0	80.476520
10067.0	79.684648
10279.0	71.306155
2418.0	75.727428
11716.0	82.201582
11646.0	83.007489
12390.0	82.718778
12454.0	82.113369
12319.0	72.654785
1678.0	75.441995
12996.0	81.657759
13015.0	81.203776
12683.0	79.718454
11595.0	74.826993
9872.0	58.424036
2619.0	65.203793
12636.0	75.509504
11380.0	72.935110
9861.0	64.436872
9788.0	65.935331
9813.0	57.196694
2333.0	63.175605
10293.0	67.122624
9461.0	61.988263
9092.0	63.338839
8165.0	59.847233
8338.0	44.736160
1743.0	51.009748
10502.0	72.303429
11446.0	66.668205
9153.0	62.112147
9393.0	62.910494
7343.0	39.501771
1189.0	43.843344
11327.0	65.474582
11627.0	68.948953
10500.0	62.606984
8654.0	55.597361
7797.0	36.545061
1547.0	41.994657
10724.0	62.649742
9695.0	54.760874
13692.0	71.928561
5713.0	44.807721
4132.0	36.750415
950.0	42.739174
5382.0	51.305825
5169.0	54.085858
5967.0	60.145467
6827.0	65.167011
6323.0	60.761162
1913.0	66.668779
7514.0	72.741575
7831.0	73.075211
7668.0	74.452814
7858.0	74.760072
7035.0	69.257657
1763.0	74.134110
7155.0	74.452675
6860.0	75.693594
6759.0	75.290456
5584.0	73.869578
5853.0	70.513866
1784.0	74.913261
6194.0	77.088544
5994.0	77.186177
5751.0	78.386304
5682.0	77.433689
4998.0	77.441340
2296.0	81.321546
5222.0	82.802239
5399.0	82.292036
4384.0	82.737375
3620.0	83.027234
2569.0	83.253805
1650.0	85.189639
4052.0	85.770164
2550.0	83.708624
2273.0	84.474449
2400.0	84.716718
2454.0	83.680850
2222.0	85.942167
2912.0	86.547445
3057.0	86.294331
3119.0	86.330494
2927.0	86.813326
2151.0	84.311040
2431.0	86.940715
2984.0	86.259023
2942.0	86.298495
2497.0	84.094137
2281.0	84.159694
2685.0	83.537346
2237.0	86.991252
3382.0	85.503435
3132.0	86.300146
3479.0	85.753379
2799.0	84.539129
2770.0	84.458335
1307.0	86.405476
3290.0	85.410484
3517.0	85.377515
13867.0	88.205935
1476.0	82.896005
2485.0	82.427221
831.0	84.188563
2789.0	85.250971
3296.0	84.965627
3122.0	85.039841
3460.0	84.959211
3141.0	84.811818
625.0	85.660859
3239.0	84.680522
3329.0	84.147771
3326.0	85.386561
3026.0	82.699073
3221.0	81.464077
1865.0	85.414403
3805.0	85.263678
3349.0	82.547138
3357.0	83.282190
3730.0	82.697922
3818.0	81.805871
1104.0	84.183769
3868.0	84.767773
3914.0	82.641479
4008.0	83.053773
4167.0	82.839977
3913.0	81.104337
988.0	83.504878
4098.0	83.545446
4088.0	82.169018
4481.0	82.448776
4350.0	82.282006
4651.0	79.673674
1016.0	82.760637
4959.0	83.112451
4930.0	81.350463
4639.0	80.708029
4659.0	80.580969
4676.0	78.808017
1753.0	83.154372
5472.0	81.820070
4972.0	80.358030
5514.0	79.281717
5203.0	78.914807
4608.0	75.354005
1217.0	79.094825
5070.0	79.566485
4816.0	78.446924
5097.0	78.661066
5017.0	79.838579
4770.0	76.280636
1743.0	81.545003
5253.0	80.370600
4923.0	79.836059
5065.0	79.196324
4850.0	80.169530
4850.0	76.853521
1055.0	79.836070
5039.0	81.573817
