5777.0	71.836243
1284.0	66.006707
1855.0	70.810903
312.0	73.175810
1910.0	76.362178
1665.0	74.369814
1605.0	74.978905
1529.0	76.352476
1640.0	79.256189
326.0	81.555974
1604.0	80.554095
1407.0	79.220693
1012.0	75.608508
1012.0	78.096062
1083.0	77.592166
732.0	82.193913
1626.0	84.663751
1530.0	85.543231
1403.0	86.240022
1497.0	86.302164
1328.0	85.961966
2355.0	89.370042
1580.0	88.067181
1597.0	88.021782
1586.0	89.128150
1530.0	89.470255
1455.0	88.494302
1389.0	92.393622
1677.0	91.631893
1798.0	90.817479
1617.0	91.794208
1567.0	90.608551
1664.0	90.122633
1003.0	92.917455
1631.0	92.722367
1666.0	92.536233
1919.0	92.677015
1875.0	92.983916
1839.0	92.279860
1154.0	94.005651
1906.0	93.356518
2183.0	93.482734
2161.0	92.727947
1930.0	93.017521
1894.0	91.895221
1090.0	93.815049
2241.0	92.346940
2036.0	91.978544
1919.0	92.449507
2366.0	92.892855
2110.0	92.293494
1294.0	94.029412
2319.0	92.795106
2541.0	93.302172
2583.0	93.245731
2617.0	93.515840
2536.0	92.947372
3792.0	93.937831
2825.0	93.504817
2688.0	93.125506
9952.0	94.902601
1990.0	93.124138
1993.0	91.823181
923.0	93.501988
1930.0	93.549354
1140.0	94.379512
335.0	91.974930
348.0	91.859061
977.0	92.254554
517.0	92.419658
660.0	92.393914
675.0	92.327672
635.0	92.145031
902.0	93.042002
665.0	92.175179
330.0	92.647030
819.0	93.243696
941.0	93.253125
1654.0	93.197834
1367.0	93.514831
1263.0	93.015197
461.0	93.187031
1411.0	93.763594
1269.0	94.139457
1359.0	93.727721
1933.0	93.667254
1599.0	93.720716
944.0	94.224649
1649.0	94.005872
1510.0	94.014967
1853.0	93.885077
1515.0	93.691263
1858.0	93.659953
849.0	94.038196
2186.0	94.012319
2328.0	94.513217
2786.0	93.321012
2415.0	93.528544
2414.0	93.149755
1011.0	93.642139
3134.0	94.331310
2965.0	94.248415
3428.0	94.323913
3520.0	94.079650
3347.0	93.308728
489.0	93.495840
3380.0	94.069420
3937.0	93.921073
4021.0	94.649690
4326.0	95.554304
3854.0	94.326809
812.0	94.585573
4960.0	94.686991
4758.0	95.451771
4734.0	95.085270
4487.0	94.924695
3958.0	94.513582
1398.0	95.032553
4014.0	95.451993
3681.0	95.548518
14052.0	96.847373
2930.0	94.903879
2980.0	93.934630
1135.0	94.646792
2831.0	95.744285
3640.0	95.424365
3489.0	95.918711
3543.0	95.563684
3516.0	94.522019
585.0	94.945096
3479.0	95.796419
3973.0	95.643390
4390.0	95.554276
3448.0	96.006577
3790.0	94.544300
622.0	94.784945
3829.0	96.134006
3372.0	95.764600
3490.0	95.745622
3523.0	95.820415
3736.0	95.221510
674.0	95.381589
4513.0	96.230077
3698.0	96.038060
4244.0	96.218810
4998.0	95.945239
3747.0	94.939394
761.0	95.147439
3920.0	96.394914
3712.0	96.370397
6220.0	95.656746
3282.0	95.842126
3924.0	94.024802
1074.0	94.389585
4469.0	96.065907
3800.0	95.732229
4274.0	95.891664
4094.0	95.789984
3895.0	93.919724
1224.0	94.398307
4150.0	96.011186
4113.0	96.232847
4060.0	96.395390
3872.0	95.939931
3141.0	93.889547
2275.0	95.184114
3981.0	96.587711
3937.0	96.751317
3760.0	95.525794
3392.0	95.427975
3406.0	93.809936
1213.0	94.368911
3872.0	96.535749
2993.0	95.371653
2891.0	95.740394
3027.0	94.913863
3073.0	93.256814
1515.0	94.365313
2901.0	95.835100
2844.0	95.479667
14116.0	97.049612
1799.0	94.726550
2014.0	93.801964
1552.0	94.715827
2830.0	95.175137
2385.0	94.996994
2204.0	94.780948
2127.0	94.178207
2156.0	92.972373
2851.0	95.117082
3729.0	95.116513
2189.0	93.533303
3077.0	93.681022
2719.0	92.231178
2672.0	90.802117
1454.0	92.653927
2892.0	92.555587
3756.0	93.216808
2559.0	91.890254
2575.0	90.032065
2837.0	88.390714
1848.0	91.305693
3587.0	92.457114
2865.0	91.249124
2971.0	91.771096
2467.0	91.469869
2520.0	92.370871
1782.0	93.767768
2544.0	93.664614
2309.0	93.491818
2715.0	92.916450
2123.0	92.808734
1525.0	92.910069
990.0	93.291248
1951.0	93.037417
1432.0	93.444919
1880.0	93.181718
1920.0	93.506395
1090.0	93.087624
235.0	93.063361
2052.0	93.942683
1938.0	93.386120
1752.0	93.119072
1534.0	93.716503
1893.0	93.410353
221.0	93.638226
2064.0	94.188398
1269.0	93.395705
1089.0	94.223681
1278.0	93.795221
1315.0	93.390086
1066.0	93.866487
1438.0	94.178567
972.0	93.976439
1150.0	93.909361
1323.0	94.208171
1011.0	94.452455
30.0	94.453695
1008.0	94.307029
1111.0	94.284493
9650.0	94.566611
958.0	93.318230
1429.0	93.498640
738.0	93.519619
2163.0	93.798839
1590.0	93.666769
2413.0	93.551523
2269.0	93.685570
1929.0	93.479429
779.0	93.786093
2428.0	93.934601
2391.0	94.228734
3086.0	94.343006
2836.0	94.115914
2238.0	93.789414
375.0	94.030412
1996.0	93.952867
2489.0	94.040951
3142.0	94.063099
3012.0	93.831953
2396.0	93.201897
431.0	93.407742
2564.0	94.397444
3115.0	94.567864
3287.0	94.034765
2778.0	94.379049
2403.0	92.858977
868.0	93.614606
3354.0	94.010011
2795.0	94.042794
2600.0	94.025296
3222.0	94.346368
2875.0	93.877844
1013.0	94.511016
3552.0	95.064921
3272.0	95.091060
3825.0	93.995445
2601.0	94.342185
2608.0	94.431119
911.0	94.638061
2866.0	95.751913
3140.0	95.567069
2331.0	94.383785
2452.0	94.502227
2474.0	93.584473
819.0	93.989936
2976.0	94.527230
3246.0	94.124360
3178.0	94.215032
3047.0	94.038526
3076.0	93.760844
292.0	93.975251
3071.0	94.145901
2953.0	94.368705
3462.0	94.329236
3595.0	94.072346
5910.0	89.005706
3438.0	91.068743
7879.0	84.228569
7765.0	80.608873
28432.0	91.458694
7811.0	85.018586
8463.0	83.694785
391.0	83.909458
6654.0	84.102222
6954.0	85.137336
6656.0	85.789035
6687.0	87.639026
7007.0	83.301714
1680.0	84.946641
9934.0	92.586687
8102.0	91.808152
8759.0	90.268434
3756.0	84.147608
2849.0	67.538718
299.0	68.428666
2671.0	70.886365
2697.0	70.243780
2874.0	67.086768
2773.0	66.303117
2600.0	62.171018
308.0	63.049359
3058.0	64.281205
3542.0	65.467508
4152.0	66.374085
5583.0	70.220704
6949.0	69.935737
1382.0	71.741326
8878.0	76.583848
8334.0	78.153793
6872.0	74.432571
4725.0	69.672199
3237.0	56.435808
442.0	58.163960
3206.0	57.304413
3348.0	56.219067
3348.0	57.031494
3479.0	56.293293
3791.0	54.445483
1135.0	58.432468
5496.0	67.055077
5747.0	68.943292
6987.0	73.680528
9754.0	81.075016
8049.0	74.999268
1573.0	77.253819
6918.0	78.568439
6570.0	78.400699
5698.0	75.027171
3819.0	66.832997
3237.0	58.114002
719.0	62.787027
3542.0	61.557895
3234.0	61.939940
3419.0	60.806532
3373.0	61.707559
3292.0	57.204349
1328.0	65.303446
4883.0	75.360260
5361.0	80.946464
8980.0	87.113189
4232.0	84.518047
4672.0	83.857328
1493.0	86.847280
5468.0	87.777020
5864.0	87.493931
6001.0	84.940876
5160.0	81.759980
4570.0	72.861783
1406.0	77.002820
5125.0	81.071808
5097.0	78.450646
4469.0	76.432263
3887.0	71.095125
3687.0	64.755461
684.0	67.915830
3648.0	69.701431
3584.0	71.726855
3293.0	69.660390
3157.0	70.489042
3518.0	65.518901
1145.0	69.352387
5631.0	82.099900
5698.0	82.028204
6519.0	85.565889
6008.0	83.246423
6466.0	77.437614
1068.0	79.626727
6286.0	81.531075
5894.0	79.237429
5920.0	76.107617
5713.0	75.955272
4596.0	67.269118
1495.0	71.328358
5886.0	75.012016
5122.0	73.135490
4685.0	72.481425
4405.0	71.877882
4164.0	67.900999
1596.0	72.525413
5305.0	76.765738
4987.0	77.847962
4850.0	75.756708
4564.0	75.457273
4921.0	70.277253
1479.0	74.368702
5950.0	78.986218
5713.0	76.865131
5132.0	75.832272
5221.0	75.471166
5068.0	71.901362
1508.0	75.381319
5790.0	76.080660
5077.0	73.396675
4827.0	71.427095
4125.0	68.677409
3980.0	63.383095
1156.0	67.427038
4580.0	69.937740
4434.0	70.464250
15628.0	90.332964
2643.0	68.704248
2963.0	57.784698
606.0	61.474976
3100.0	66.302389
3388.0	66.587312
3304.0	66.792195
3766.0	69.937554
3979.0	63.522108
1347.0	67.700514
4077.0	68.953465
4767.0	69.665988
4391.0	66.966074
4884.0	64.977635
5515.0	59.658921
1084.0	63.376060
5805.0	66.191131
5923.0	64.279164
6168.0	63.447327
6072.0	64.680995
5846.0	54.700378
1021.0	58.415526
6630.0	66.007970
6536.0	66.200211
6601.0	63.010795
6534.0	61.246229
6566.0	52.498461
1125.0	56.457344
6830.0	60.692723
6186.0	57.625584
5342.0	51.552686
5491.0	49.411156
5613.0	37.006535
1214.0	43.508150
6333.0	51.825106
6084.0	49.618093
5448.0	42.738155
5563.0	43.579052
5640.0	35.467628
1270.0	41.019832
7241.0	54.478024
6396.0	46.615168
6733.0	50.349979
6484.0	51.102258
6790.0	37.849043
757.0	40.787427
6409.0	52.640959
7526.0	51.477076
7238.0	52.821232
7716.0	54.199571
7363.0	38.745168
764.0	41.856315
8657.0	55.465989
8924.0	58.298424
8916.0	54.864817
8338.0	52.797568
7811.0	36.529418
839.0	39.200200
7398.0	48.202123
6658.0	41.272149
7651.0	50.913407
4978.0	39.152332
4120.0	36.216241
595.0	39.187502
3918.0	40.508566
3832.0	44.362081
3759.0	43.992358
3625.0	44.473315
3590.0	41.174746
679.0	45.254578
3394.0	46.879115
3630.0	47.300928
3620.0	49.210074
3668.0	51.014330
3566.0	48.045394
397.0	50.440923
3256.0	50.785874
3127.0	50.939656
3041.0	51.879872
2837.0	52.946489
2833.0	49.407914
541.0	52.441775
2566.0	52.156891
2537.0	53.655345
2395.0	54.100296
2425.0	53.438567
2170.0	54.377152
691.0	57.517069
2370.0	62.903990
1957.0	60.418560
2156.0	64.291522
2122.0	67.819831
1982.0	71.804796
1293.0	73.856891
2065.0	75.192249
2502.0	76.459622
1714.0	77.565673
1725.0	77.427156
1725.0	76.550576
1176.0	79.193457
1200.0	78.392861
1477.0	78.540687
1518.0	78.120752
1448.0	78.566249
1627.0	77.479758
897.0	79.375927
1480.0	77.930624
1490.0	78.277194
1820.0	77.451572
1545.0	77.355254
1868.0	77.218956
990.0	79.798256
1682.0	76.860794
1589.0	77.558805
1939.0	77.635834
1928.0	77.087416
1642.0	77.155634
860.0	79.142571
1714.0	77.388240
1902.0	76.677900
10516.0	81.681166
794.0	75.947464
1207.0	73.327102
981.0	77.831853
1344.0	76.670478
1730.0	75.946770
1633.0	75.701777
1881.0	74.910861
1723.0	75.306042
713.0	77.576634
1912.0	76.324676
2048.0	75.855169
1773.0	77.024403
2214.0	76.332076
2193.0	74.493323
747.0	76.832660
2219.0	76.493702
2509.0	76.297727
2392.0	76.254510
2633.0	75.325782
2641.0	74.491000
684.0	76.786621
2478.0	76.223515
2819.0	75.933225
2841.0	76.680304
2492.0	74.099774
2537.0	72.683425
1075.0	77.381650
2851.0	76.336508
2558.0	73.773517
2809.0	73.088210
2697.0	72.260599
2983.0	70.657745
412.0	73.110899
3229.0	73.805605
3344.0	72.757627
3314.0	72.194926
3315.0	71.662496
3256.0	69.631368
440.0	71.771353
3500.0	71.928262
3544.0	71.068897
3454.0	67.843953
3351.0	68.022272
3113.0	66.207236
936.0	70.860148
3365.0	70.614805
3407.0	70.673034
3580.0	70.189406
3538.0	71.389543
3378.0	68.114364
449.0	70.265612
3496.0	70.252570
3391.0	70.993123
3575.0	69.883885
3070.0	69.098744
3312.0	67.217129
1053.0	72.642664
3510.0	72.992756
