8893.0	87.501438
3376.0	85.117695
3957.0	85.900226
1241.0	89.213672
4331.0	89.799602
4428.0	89.738342
3888.0	90.126493
3869.0	90.468338
3499.0	89.482233
906.0	90.794219
3235.0	90.019295
3229.0	90.969639
3066.0	91.129081
2734.0	91.144360
2802.0	90.047459
4330.0	92.100449
4557.0	93.415944
3528.0	93.631762
3780.0	94.279603
3387.0	93.650575
3343.0	93.466894
1955.0	94.802128
3619.0	94.641124
4040.0	94.827638
4135.0	95.234236
3813.0	94.932533
3760.0	94.395727
2127.0	95.951505
4416.0	95.797346
4372.0	95.688312
3850.0	95.499212
4320.0	95.543928
3729.0	95.143674
5523.0	96.145353
6022.0	95.600935
4659.0	95.736909
6175.0	95.403197
5203.0	95.438850
6843.0	95.773148
2281.0	96.655151
5309.0	96.083694
7333.0	96.379049
6834.0	95.763137
7522.0	96.024391
5865.0	95.614593
3440.0	96.650022
7730.0	96.001699
6432.0	95.917842
7205.0	96.100552
7168.0	96.133809
7013.0	96.030460
4158.0	96.547923
7059.0	95.866606
7146.0	96.059955
6835.0	96.122163
8773.0	96.398124
6852.0	95.791461
3894.0	96.508444
7792.0	96.576099
7863.0	96.329351
19885.0	97.210942
6698.0	96.668474
5871.0	95.881115
3536.0	96.264348
7190.0	97.113560
5704.0	96.824807
5782.0	95.592982
4910.0	95.892584
4366.0	95.404747
2311.0	95.427164
4060.0	95.784564
5151.0	95.455524
4581.0	95.611528
3752.0	95.662598
6024.0	95.401780
2415.0	95.927687
3601.0	95.641608
5583.0	95.791399
7627.0	95.844385
5183.0	95.881581
5506.0	95.259632
3620.0	96.004168
5855.0	96.336821
6263.0	95.925608
5682.0	96.161756
6574.0	95.868734
6597.0	95.942818
3910.0	96.157936
7853.0	96.219005
6392.0	96.379026
8314.0	96.069230
6597.0	96.339294
8183.0	95.853680
4102.0	96.087629
6492.0	96.407294
8133.0	96.213786
12970.0	95.743639
9012.0	95.688121
7897.0	95.098862
3518.0	95.524556
10908.0	96.220229
9414.0	96.206114
10528.0	96.488511
8485.0	96.059754
8149.0	95.222728
3084.0	95.585196
10145.0	96.426124
11637.0	96.375246
8415.0	96.193755
9390.0	96.457155
8140.0	95.786633
3556.0	96.174492
10866.0	96.438386
9048.0	96.734128
11941.0	96.746450
11147.0	96.733809
10144.0	95.905544
4275.0	96.246301
10529.0	96.938054
8514.0	97.137074
32767.0	97.611153
7333.0	96.818559
8597.0	95.971056
2532.0	96.286749
7558.0	97.125056
9200.0	96.989857
7840.0	97.123501
8441.0	97.077890
8575.0	95.996035
2606.0	96.207798
8533.0	97.218274
9030.0	97.014352
12053.0	97.222463
7879.0	97.332927
9683.0	95.992298
3336.0	96.250277
9832.0	97.379557
8612.0	97.256559
8553.0	97.244094
9213.0	97.315591
8439.0	96.446330
2662.0	96.591748
10944.0	97.528350
8382.0	97.379827
8362.0	97.628754
11046.0	97.623792
8132.0	96.326234
2883.0	96.446146
9221.0	97.789428
7987.0	97.998843
15766.0	97.612635
10963.0	97.755010
12120.0	95.925063
1518.0	96.072574
12755.0	98.019049
11558.0	98.100640
13390.0	97.985183
12161.0	98.095465
13621.0	95.967120
1689.0	96.056160
12627.0	97.988163
11982.0	97.871903
12641.0	98.152196
13016.0	98.196402
10455.0	95.815945
3239.0	96.232948
13189.0	98.249117
12767.0	98.207895
16961.0	97.927892
12001.0	97.750038
11806.0	95.817459
3489.0	96.189902
10022.0	97.935892
11142.0	97.461587
9601.0	97.709078
10368.0	97.417173
11413.0	95.770605
3196.0	96.078294
9369.0	97.590686
10286.0	97.722123
34762.0	98.121441
4987.0	96.964483
5087.0	95.901776
3420.0	96.172258
7538.0	97.086004
5559.0	97.125928
7641.0	97.031345
7382.0	97.174408
6132.0	96.085349
2045.0	96.246948
8635.0	97.392946
6960.0	97.538638
7084.0	97.521293
6221.0	96.479165
7710.0	95.568869
3504.0	96.110105
7462.0	96.939005
6551.0	96.111164
6276.0	96.434113
6354.0	95.725499
5602.0	93.799801
4618.0	94.842461
6630.0	95.364490
5818.0	94.882855
6197.0	94.532835
5537.0	94.877799
5661.0	94.514845
2532.0	95.259000
5870.0	95.702202
4698.0	95.632772
5840.0	95.257778
4699.0	95.448939
3618.0	94.888152
1030.0	95.049801
5559.0	95.310307
3102.0	95.382483
3972.0	95.239845
4827.0	95.179422
2511.0	94.945361
2309.0	95.160815
4261.0	95.582551
3688.0	95.395323
4794.0	95.518852
4137.0	95.294278
3988.0	95.089503
1887.0	95.321839
5032.0	95.837545
2540.0	95.575199
3502.0	96.097590
4000.0	95.294295
3503.0	95.292976
2757.0	95.606637
3315.0	95.896863
3771.0	95.545813
1760.0	95.445304
3899.0	95.515131
3161.0	95.424782
1909.0	95.813879
3584.0	95.884947
3491.0	95.893269
21801.0	95.833106
3463.0	95.087678
3729.0	95.102394
1562.0	95.295018
4595.0	95.535052
5220.0	95.544442
5172.0	95.626110
5024.0	95.522570
4642.0	94.943306
3453.0	95.620012
5094.0	95.697565
5062.0	95.908957
6265.0	95.877593
5593.0	95.856250
4861.0	95.161645
2309.0	95.604037
5879.0	95.893015
5764.0	95.629070
7212.0	95.550834
6506.0	95.447623
5859.0	94.978754
2752.0	95.529251
7791.0	95.976903
6527.0	95.740647
6684.0	95.715630
6231.0	95.729566
6792.0	95.016191
2778.0	95.534857
6634.0	95.828482
7892.0	96.014545
7144.0	96.186803
7981.0	96.139855
6955.0	95.527578
2552.0	96.043267
7691.0	96.206321
6549.0	96.470843
12065.0	95.755332
6895.0	95.961199
7375.0	95.542399
4379.0	96.137355
6889.0	96.631182
7268.0	96.674209
7368.0	96.421154
7566.0	96.610046
7488.0	95.322808
2312.0	95.831938
8039.0	96.545074
7449.0	95.853136
7424.0	96.046290
6903.0	95.872528
7122.0	95.362498
2247.0	95.779518
9222.0	96.293182
7178.0	96.001060
8365.0	95.879655
9944.0	96.055373
11765.0	92.068423
5591.0	93.532272
13221.0	89.475014
14160.0	87.738512
48670.0	95.988138
13406.0	90.893964
13625.0	88.476958
1480.0	88.933281
14610.0	92.836953
12883.0	93.352406
13014.0	94.291411
13414.0	95.712765
17470.0	92.381922
2995.0	92.938099
17118.0	99.377727
14131.0	98.824695
13274.0	96.878540
6338.0	92.440707
7341.0	83.865657
723.0	84.265648
7857.0	90.565017
11975.0	94.633124
14927.0	95.684385
17797.0	96.532020
17651.0	92.789806
2864.0	93.307877
20293.0	96.502986
17132.0	95.160120
14978.0	94.173834
14295.0	93.194234
12761.0	87.108095
1368.0	87.705738
14860.0	91.449595
13529.0	90.926370
14143.0	90.062347
12401.0	89.986066
12578.0	85.653160
1949.0	86.429740
18163.0	92.652026
17230.0	92.411289
16480.0	92.465514
14757.0	91.864286
13359.0	85.852943
1323.0	86.542997
16064.0	91.844517
16698.0	93.276906
15792.0	93.300648
13677.0	91.653067
10408.0	82.212174
1420.0	83.716140
15852.0	92.975447
19648.0	95.479224
17475.0	95.029311
16667.0	94.856775
14739.0	89.618308
1393.0	90.369188
20186.0	96.170150
18513.0	96.732880
16562.0	95.260516
14294.0	94.454357
11938.0	88.690411
1853.0	89.685694
13102.0	93.848509
12532.0	95.272447
20556.0	97.850625
8830.0	94.589119
7867.0	91.225727
1994.0	92.768393
10834.0	96.009180
12518.0	96.886574
13052.0	97.024133
13266.0	96.903307
12678.0	90.784230
2176.0	91.828530
13586.0	97.460389
13987.0	97.107009
12167.0	95.682523
13082.0	95.442658
12500.0	90.033606
2223.0	91.155890
13002.0	95.735683
11325.0	95.006327
10971.0	94.301386
11030.0	95.400650
11002.0	89.356190
2513.0	90.683593
13184.0	96.798077
13845.0	97.170264
14258.0	97.531244
13744.0	96.616603
13686.0	90.483364
2775.0	91.647489
16407.0	96.840180
15460.0	96.292350
16815.0	95.518155
14376.0	94.463972
13270.0	89.005498
2466.0	90.115418
15179.0	95.059698
14078.0	94.729114
11567.0	92.812061
11613.0	92.678075
10987.0	88.635657
2156.0	89.711802
11956.0	93.101617
11479.0	93.870989
11221.0	92.634268
10472.0	92.438676
12892.0	88.837007
1971.0	89.892323
14396.0	94.452833
12476.0	92.222073
12630.0	92.859276
12862.0	93.161005
12890.0	89.516046
2060.0	90.496111
14507.0	93.076667
12596.0	91.947076
12876.0	92.340836
11947.0	91.380574
11907.0	86.937816
2632.0	88.740972
12369.0	92.189025
11960.0	92.288775
31061.0	100.000000
10496.0	93.681080
10633.0	86.987721
1388.0	87.975619
9667.0	92.783007
9614.0	90.578500
8742.0	90.920236
8556.0	90.472756
9987.0	85.254443
2420.0	87.265395
12281.0	92.933365
10785.0	91.202712
11674.0	91.290452
12513.0	90.423701
14241.0	83.982975
2144.0	85.625613
14470.0	90.783346
14738.0	89.358162
14542.0	88.244544
14876.0	89.032026
15138.0	81.007221
2258.0	82.907895
17088.0	91.248748
16652.0	90.876553
16464.0	89.805851
16427.0	88.446312
16880.0	79.998837
2106.0	81.996807
19085.0	90.836528
17450.0	88.952043
17228.0	88.095830
17555.0	87.799259
15409.0	72.239667
2236.0	75.416283
18201.0	86.513941
18321.0	86.384680
16757.0	83.189700
17177.0	83.985050
15695.0	72.475571
1592.0	74.083689
18101.0	85.421810
17965.0	82.122781
16273.0	83.838699
13975.0	80.594340
14591.0	66.443336
2245.0	69.791974
18856.0	90.449460
18768.0	84.432018
15210.0	82.294402
15357.0	81.830128
13144.0	60.709451
1504.0	63.236963
20153.0	87.013438
18440.0	85.928165
16331.0	77.788508
11195.0	66.224899
9631.0	43.968176
1464.0	47.874777
16223.0	76.229167
17885.0	75.606301
19376.0	83.457728
10684.0	67.108895
8365.0	60.405675
1606.0	64.732542
11892.0	77.068437
11165.0	79.041783
10373.0	77.673286
11625.0	81.406200
9782.0	73.704406
2419.0	78.004229
11983.0	84.088716
11215.0	82.947064
10626.0	82.663114
11037.0	83.180746
10501.0	79.679190
2765.0	83.438029
12115.0	85.857566
10193.0	84.517953
10213.0	84.420686
9216.0	85.163102
9082.0	80.872301
3523.0	85.109324
9508.0	86.060659
9125.0	86.375165
8565.0	86.525416
8721.0	85.792280
7706.0	85.178862
3699.0	88.029632
7826.0	89.262176
7440.0	88.099818
6501.0	88.779329
6027.0	89.180852
5139.0	89.463709
3065.0	90.847718
6290.0	90.914168
5941.0	91.156656
5186.0	91.664212
5286.0	91.501571
5230.0	90.712982
1296.0	91.298499
4422.0	91.559367
4824.0	91.182564
4872.0	91.285910
4753.0	91.706895
5001.0	90.870334
1209.0	91.304375
4957.0	90.984238
4976.0	91.386425
5680.0	91.249027
4311.0	90.873867
4527.0	90.037365
2218.0	91.490130
5401.0	91.250813
4797.0	91.071810
5058.0	90.683423
4781.0	90.052592
4544.0	89.912230
2283.0	91.272014
5368.0	90.807290
5415.0	90.344656
18532.0	91.922286
2881.0	88.444542
4247.0	88.318988
1109.0	89.578006
4679.0	90.758758
5126.0	90.209942
4990.0	90.530710
5349.0	90.259641
4523.0	89.302414
1944.0	90.616637
5418.0	90.780248
5484.0	90.164783
4891.0	90.556822
5817.0	90.400973
5293.0	88.642877
1910.0	89.974271
5733.0	90.363623
6031.0	89.906865
5802.0	90.620899
5622.0	89.127645
5861.0	88.058937
1528.0	89.642193
6230.0	90.752326
5893.0	89.388777
6074.0	89.451944
6167.0	89.227895
5976.0	87.994009
901.0	88.911614
6720.0	90.021433
6102.0	89.289851
5988.0	88.551350
5877.0	87.655189
6438.0	86.041803
1776.0	88.639420
7354.0	89.505389
7049.0	88.226706
6897.0	88.047178
6964.0	87.843501
7063.0	85.814341
2075.0	88.466718
7940.0	88.734205
7467.0	87.610145
7692.0	86.129306
7405.0	85.984420
6993.0	83.803218
2184.0	87.298179
7335.0	87.513599
7208.0	86.316054
7053.0	86.007874
6860.0	85.650541
6553.0	83.001458
2293.0	86.820104
7330.0	86.287343
6821.0	86.276452
6739.0	85.008499
6511.0	85.729496
7162.0	83.972916
2338.0	87.427053
7430.0	88.228703
