6305.0	75.802453
1683.0	70.704961
2366.0	77.064774
716.0	81.206556
2401.0	81.217721
2484.0	81.235011
2356.0	82.138244
2108.0	81.900845
1896.0	81.692397
547.0	83.688744
2109.0	85.433463
1891.0	84.462705
1458.0	83.176141
1494.0	84.025732
1460.0	83.559154
1883.0	88.086953
1993.0	87.508244
1869.0	88.142103
1878.0	89.651866
1733.0	88.716794
1681.0	88.366150
1085.0	91.377691
1854.0	90.747657
1879.0	90.331610
1969.0	91.228078
2070.0	90.792295
1900.0	91.376944
1292.0	93.388931
2026.0	92.459787
1965.0	92.502747
2150.0	93.190798
2084.0	92.398335
1970.0	91.783923
4226.0	93.791115
2481.0	92.391757
2170.0	93.231769
2536.0	93.795415
2608.0	93.826466
2368.0	93.507697
1993.0	95.039536
2424.0	94.386902
2636.0	93.982404
3197.0	94.387551
2633.0	93.728868
2548.0	93.124123
2124.0	95.295307
3127.0	93.765482
2965.0	93.805348
2830.0	94.124706
2989.0	93.863255
2684.0	93.308028
1933.0	95.357233
3420.0	94.387967
3161.0	93.912495
3205.0	93.964096
3062.0	93.666652
3258.0	93.218853
2319.0	95.360539
3679.0	95.409017
3888.0	95.186512
12158.0	95.899031
2978.0	94.719530
2848.0	93.412665
1466.0	95.231255
2640.0	94.796139
2042.0	95.487464
1619.0	93.659750
1361.0	93.674583
1035.0	93.434157
893.0	94.094823
912.0	94.033713
1020.0	94.281700
929.0	93.861139
1441.0	94.439178
1026.0	93.657298
581.0	93.915681
1279.0	94.175739
1585.0	94.263208
2540.0	94.356445
2034.0	94.833778
1990.0	94.037077
257.0	94.136504
1862.0	94.711355
1829.0	94.516549
1765.0	94.319346
2443.0	94.405372
1985.0	94.168647
4039.0	94.546225
4879.0	95.103820
3894.0	95.412652
4760.0	95.064330
3871.0	95.299239
4617.0	94.856633
1225.0	95.317139
3825.0	95.085749
4496.0	95.194414
4247.0	94.047036
3258.0	94.217678
3167.0	94.283903
4929.0	94.711063
6128.0	94.888632
5420.0	94.965259
3530.0	94.993925
3512.0	94.662234
3655.0	93.490766
3811.0	94.017773
5973.0	94.650179
4264.0	94.156204
4370.0	95.121627
4621.0	95.616246
4465.0	94.865494
3866.0	95.234174
5240.0	95.220576
5241.0	95.823208
6451.0	95.951325
5454.0	95.519916
4823.0	94.890538
4916.0	95.471664
5236.0	96.151022
4656.0	96.049996
17557.0	97.154363
3519.0	95.812058
3621.0	94.624804
1227.0	95.054072
3700.0	96.062249
4784.0	96.154364
4447.0	96.536954
3590.0	95.663266
4592.0	94.813250
1187.0	95.258535
4646.0	96.456098
5091.0	96.204161
4552.0	96.019564
4922.0	96.737193
3997.0	94.885510
2324.0	95.552495
4414.0	96.436169
4720.0	96.375748
4679.0	96.467178
4696.0	96.567011
4268.0	95.306749
1900.0	95.731572
6065.0	96.680148
4827.0	96.442757
5349.0	96.758353
6305.0	96.681989
4911.0	95.453370
853.0	95.636438
4609.0	96.772676
4976.0	97.001740
6587.0	96.046545
4205.0	96.484631
5005.0	94.634581
2329.0	95.176676
6335.0	96.786539
4535.0	96.831150
5267.0	96.637574
5021.0	96.637273
5181.0	94.797672
2322.0	95.276668
5086.0	96.864202
5237.0	96.866624
4466.0	96.651945
4504.0	96.420188
4493.0	94.830142
3401.0	95.611174
4887.0	97.163385
4274.0	97.107667
5401.0	96.857683
4663.0	96.806422
4736.0	94.545317
714.0	94.827900
4769.0	97.110274
4329.0	96.245494
3944.0	96.646649
4204.0	96.150934
4213.0	94.378865
1263.0	94.869695
3798.0	96.720144
3707.0	96.235213
17248.0	97.253149
2664.0	95.785786
3052.0	95.042858
1048.0	95.413938
3596.0	96.137574
3104.0	95.838896
3777.0	95.930559
3744.0	95.859959
3471.0	94.826178
2455.0	95.692117
4416.0	95.733642
4155.0	95.665408
4135.0	95.400174
4142.0	94.482273
4600.0	93.719588
2038.0	94.868091
4460.0	94.627289
4482.0	94.532428
3909.0	93.978853
4102.0	93.071344
3724.0	90.647460
1990.0	93.194789
4125.0	93.638230
3635.0	93.107945
3802.0	92.863626
3147.0	93.209549
2664.0	92.503122
2365.0	94.016149
2886.0	94.136064
2593.0	93.818344
3182.0	93.900351
2544.0	94.363993
1946.0	93.374049
1520.0	94.153692
2683.0	93.854139
1881.0	94.533120
2382.0	93.854753
2444.0	93.852131
1434.0	93.593087
283.0	93.730966
2608.0	94.559829
2455.0	94.414706
2310.0	93.938970
2009.0	94.287269
2586.0	94.124588
902.0	94.393463
2719.0	94.287828
1573.0	94.306638
1391.0	94.778845
1865.0	94.175106
1614.0	93.793640
3509.0	94.137002
2644.0	94.806094
2878.0	94.710949
1494.0	94.635027
3102.0	94.766882
2482.0	94.806757
234.0	94.784666
2004.0	95.054742
2082.0	95.093603
12152.0	95.258733
1380.0	94.231733
1784.0	93.922609
2687.0	94.388468
3496.0	94.488515
2190.0	94.160503
3116.0	94.163515
2974.0	94.163320
2497.0	93.856639
3024.0	94.344240
3950.0	94.752823
3828.0	94.964661
3117.0	94.798259
2928.0	94.293938
2916.0	93.944366
3107.0	94.591628
3464.0	94.660413
4252.0	94.539848
3299.0	94.243082
3238.0	94.038062
3443.0	93.722386
2553.0	94.045480
4357.0	94.817834
4949.0	95.214004
3378.0	94.226837
3057.0	94.839637
3536.0	93.847798
2856.0	94.506645
5054.0	94.915866
3734.0	94.835045
3642.0	94.463783
4414.0	95.028962
3816.0	94.561460
3094.0	94.972298
3628.0	95.039901
3395.0	95.330797
5241.0	94.535282
3586.0	94.968263
3203.0	94.655957
911.0	94.723002
3027.0	95.712915
3192.0	95.675164
3344.0	95.023482
3331.0	95.195181
3468.0	94.243985
4428.0	94.699071
5656.0	95.253689
3222.0	94.835219
3279.0	94.889927
3264.0	94.576860
3428.0	93.673950
3966.0	94.385074
5676.0	94.883354
2996.0	95.085076
3690.0	94.266679
5155.0	94.385327
6392.0	89.264666
4889.0	91.713531
10282.0	87.038631
9134.0	82.376742
34090.0	93.529878
6707.0	82.780043
7127.0	81.465158
1558.0	83.194271
8181.0	86.112833
8305.0	87.477971
7196.0	87.437736
7869.0	88.824526
8526.0	85.538249
2568.0	87.308116
11803.0	94.730255
11586.0	95.453557
11637.0	94.442605
5038.0	88.469072
3949.0	73.015886
863.0	75.543673
3548.0	77.127937
3515.0	75.136291
3154.0	70.746052
3246.0	70.278107
3206.0	65.658731
1088.0	68.999441
5735.0	76.693968
6384.0	78.785761
7990.0	81.137153
9375.0	83.220417
10960.0	80.903391
2206.0	82.767627
11993.0	86.977028
8955.0	83.908868
8009.0	79.621379
4620.0	72.973545
3875.0	61.547922
1089.0	65.408709
5635.0	71.032783
5557.0	69.045466
5509.0	69.182783
7487.0	75.735208
8368.0	73.500881
1933.0	76.001575
11162.0	82.881956
10025.0	83.865264
8554.0	81.613337
6189.0	75.203967
4007.0	60.089915
936.0	63.830468
5173.0	70.047825
5850.0	74.197719
5619.0	74.483133
5136.0	71.671619
5216.0	70.238444
1884.0	75.484263
10612.0	85.475439
12123.0	89.533550
11140.0	89.089812
8955.0	87.272387
7665.0	80.864846
1937.0	83.492116
7482.0	86.912936
6194.0	86.091854
11281.0	91.636091
3967.0	84.357344
3965.0	81.518067
1518.0	85.881466
5774.0	88.621220
7388.0	90.409578
8260.0	90.807355
7507.0	89.128465
6439.0	80.804267
2134.0	84.979637
6332.0	87.160438
6710.0	84.508228
5784.0	82.274027
5886.0	79.945768
5470.0	73.818192
1730.0	78.547053
6449.0	83.142088
6015.0	83.227441
5911.0	82.979867
5150.0	81.595235
5554.0	77.040560
2367.0	82.263453
7502.0	88.824845
7440.0	88.188949
6362.0	86.063110
7107.0	86.628193
7340.0	80.227068
1843.0	82.938689
8364.0	86.960399
8503.0	87.090422
8105.0	83.849502
7753.0	83.226937
7474.0	78.438391
1947.0	81.474749
8237.0	84.751968
7164.0	83.660264
7189.0	83.773999
6861.0	83.465139
6617.0	79.840339
1945.0	82.446607
6918.0	83.788555
5783.0	83.172830
6379.0	82.708881
5708.0	81.281454
6198.0	76.403708
2048.0	80.468394
7258.0	83.734484
7298.0	82.342495
6494.0	81.261427
6736.0	81.935700
6934.0	78.555276
2360.0	82.155585
8193.0	83.544947
7082.0	81.854279
7304.0	81.901746
6466.0	80.040780
6158.0	74.250604
1858.0	78.040369
6982.0	81.360555
5846.0	78.720604
21632.0	96.224295
4286.0	78.445662
4465.0	69.197597
1330.0	73.359964
4977.0	78.894928
5580.0	77.986931
4841.0	78.027471
5164.0	79.923350
4884.0	70.780887
2488.0	76.620131
6403.0	80.767063
5900.0	77.741942
6275.0	77.568331
6386.0	74.292506
7448.0	68.463929
1578.0	71.954559
7967.0	76.219603
8015.0	74.933931
8054.0	72.670759
7939.0	72.420441
7979.0	63.842926
1785.0	68.575595
9013.0	75.933865
8580.0	73.929121
9161.0	73.064871
9066.0	71.778862
9382.0	64.018869
2425.0	69.743818
10650.0	75.816511
9543.0	71.735663
9507.0	71.152288
9148.0	68.529012
8642.0	54.146109
2512.0	61.531552
9835.0	67.770735
9431.0	66.294811
8480.0	59.461803
8850.0	61.687545
8039.0	49.957493
1716.0	55.742063
9363.0	64.132204
8029.0	55.488933
7507.0	57.296512
7421.0	55.542109
6995.0	37.846028
2089.0	46.500090
8108.0	61.714175
8181.0	54.207938
7169.0	52.167981
7570.0	54.482656
7290.0	38.172348
1364.0	43.048074
9432.0	58.952513
9155.0	59.230445
8905.0	55.755327
8333.0	54.388215
7769.0	35.754468
1510.0	41.520989
7445.0	48.878767
6604.0	42.415771
12114.0	67.622872
4970.0	39.552415
4118.0	35.765096
775.0	39.999637
3936.0	41.955161
3832.0	43.294004
3704.0	43.005889
3744.0	44.522864
3612.0	41.682360
1092.0	48.451331
4623.0	56.510181
4963.0	57.233380
5010.0	60.650617
4412.0	56.918930
4695.0	56.307128
1859.0	63.880065
5557.0	66.168383
5142.0	67.692687
4981.0	67.149996
4793.0	68.593109
4828.0	65.328606
1998.0	71.326798
5087.0	72.193610
4891.0	73.329196
4621.0	73.459314
4894.0	73.069441
4131.0	72.946956
2011.0	77.158720
4023.0	78.826044
4238.0	78.378071
3441.0	78.697580
2861.0	78.964518
2922.0	81.383499
1243.0	82.657282
2601.0	82.068004
2645.0	81.317841
2140.0	82.315112
2205.0	82.886826
2233.0	81.678672
913.0	82.785747
1890.0	82.632057
2084.0	82.577619
2119.0	82.280018
1949.0	82.451775
2143.0	82.068990
884.0	83.318831
2145.0	82.662100
2085.0	83.197255
2627.0	82.410693
2182.0	82.557391
2479.0	81.893700
850.0	82.986308
2465.0	82.248232
2227.0	82.141157
2566.0	82.351002
2468.0	81.593661
2153.0	81.555474
817.0	82.788148
3281.0	83.445489
2278.0	80.927325
12334.0	85.607609
1268.0	80.739892
1741.0	78.561276
1061.0	81.710033
2001.0	81.381083
2333.0	81.015256
2300.0	81.218218
2553.0	80.899991
2332.0	80.479281
595.0	81.956530
2606.0	81.433566
2686.0	81.342594
2423.0	82.040302
2895.0	81.424955
2943.0	79.551959
669.0	81.268250
2945.0	81.497653
3220.0	80.321779
3066.0	81.522854
3365.0	81.065268
3463.0	80.157301
593.0	81.634802
3188.0	81.630710
3712.0	81.215904
3636.0	81.071280
3242.0	79.255510
3233.0	78.139072
1220.0	81.991844
3753.0	81.052124
3733.0	80.576825
3644.0	78.958592
3519.0	78.218449
3809.0	76.741561
466.0	78.473461
4075.0	79.589202
4294.0	79.001310
4214.0	78.403454
4285.0	78.532650
4198.0	75.876043
535.0	77.627314
4506.0	77.930721
4561.0	77.817922
4231.0	73.824405
4147.0	73.504113
3926.0	72.123165
1428.0	77.592956
4286.0	76.765445
4489.0	76.672791
4547.0	76.538221
4518.0	77.449446
4279.0	74.240973
609.0	76.594571
4383.0	77.068646
4360.0	77.388823
4276.0	75.394971
4044.0	75.954537
4030.0	72.031558
1545.0	77.733795
4478.0	78.339982
