0.019 2.1837957957957954
0.724 2.202902654867257
1.428 2.0666391752577318
2.826 1.7742691415313225
4.63 1.9321521686455052
8.82 2.056631578947368
12.023 2.1325051516043567
15.523 2.1956252587991716
19.523 2.2158700876908086
22.719 2.217501971489233
26.116 2.2139434628975265
29.619 2.2153407787503774
33.207 2.2142087109032444
36.718 2.2247469814864504
40.519 2.2326929347826083
43.52 2.227861236802413
46.918 2.2280587726879864
50.526 2.2198345864661655
53.819 2.217077441077441
57.418 2.223906108937707
60.82 2.2276177389131795
64.306 2.218887340301974
67.818 2.1553598664069025
71.526 2.108350919505577
74.921 2.107924882629108
78.418 2.160846750149076
81.819 2.201633946830266
85.825 2.2267165932452277
88.617 2.2184675028506273
92.219 2.1903726150392817
96.011 2.139446417636252
99.321 2.1168904907125032
103.018 2.2105825788323448
106.317 2.2241224489795917
110.119 2.208352972827549
113.92 2.2151762980346144
117.423 2.167407281964437
124.622 2.173824623560673
132.618 2.220468262226847
140.419 2.1735612102797823
148.419 2.239191392239974
151.517 2.1579052631578945
155.422 2.129141141141141
158.823 2.1376614540466394
162.522 2.2039505889112325
166.119 2.238322507122507
169.718 2.2369033995287784
172.82 2.1542984409799555
176.21 2.197614678899083
