0.064 0.7326992443324937
2.165 1.2347619047619047
3.216 1.9767773851590107
3.813 3.124261306532663
4.316 3.059933085501859
5.517 4.933382602001539
6.906 3.2181785872945357
9.216 2.146191753098912
13.217 2.6322006172839507
15.912 2.905844197138315
18.516 3.156403022670025
21.014 3.5544412510566357
25.809 2.978716548702393
31.814 3.0082644191042807
37.915 3.1322124170245997
43.115 2.946084516680924
49.013 3.3487224862888483
54.611 3.401341040462428
59.511 3.5020319337670016
64.901 3.5560247320692495
69.813 3.524445788336933
74.515 3.2839914052428023
76.913 3.285620704285108
79.312 3.297218293257897
81.512 2.879281763527054
84.118 2.451786197564276
87.121 2.6146909532483305
90.513 3.3127121791370837
92.412 3.307430514237144
95.002 3.489713008493518
97.315 3.5500932381352373
102.213 3.005565156550638
108.018 2.9714514324461776
114.012 3.2424828075150653
119.712 2.9879100178022338
126.011 3.419374800637959
131.113 3.176473216132368
136.016 3.097680490443563
141.805 2.463697503247222
148.819 2.732586046511628
150.616 3.1162660653889516
151.616 3.110252780586451
152.712 3.1040083420229405
153.712 3.08952260111023
156.313 2.547128818061089
159.42 2.434617911372792
162.722 2.4334822409373857
165.521 1.4822591943957968
170.213 3.572557792692021
