0.057 0.7925929155313352
2.058 0.8045507433742728
3.757 0.8393518379594899
5.249 1.0682611683848797
6.539 1.0527665056360709
7.849 1.2936133162612036
8.734 1.2881932773109244
9.847 1.135117169750081
13.057 1.132768387846588
19.141 1.0805651788353532
26.048 0.9758016872160935
33.851 0.8056447859495061
43.07 0.7728173076923077
44.86 0.5854326414326414
47.48 0.5899989468141127
49.482 0.5891927582534611
51.483 0.6025147150907952
56.392 0.7033719943422914
60.769 0.7257365242675017
65.371 0.6192571428571428
67.548 0.575704244637152
69.899 0.5537263157894737
72.328 0.4046331379203949
75.719 0.40741102478727337
78.781 0.4305703604007776
85.625 0.46754138192862565
88.417 0.46746161259235464
91.708 0.4730100063870556
96.609 0.478147859922179
99.306 0.6102979047619047
104.689 0.34560451083193194
125.164 0.3044717254712422
129.537 0.41123544122901035
132.512 0.40406427688504326
135.944 0.6015194968553459
138.49 0.6025963259538389
140.794 0.6012434456928839
145.181 0.6347332053742802
146.88 0.6258308026030369
149.048 0.6233392207792208
151.091 0.6152515592515593
153.192 0.6110693723454459
155.489 0.5957333333333333
157.597 0.5225534495830175
160.393 0.597736813400857
173.375 0.6519918533604888
175.487 0.6532399049881235
177.282 0.6771751250893495
178.943 0.6995015576323987
