0.043 0.954962573867367
1.654 0.961854714064915
3.059 0.9603914163090129
4.35 0.9609397217928903
5.746 0.9488650217706821
7.251 0.955829706717124
8.451 0.8951532846715329
9.976 0.8282628136288197
20.348 0.6081347713699974
31.654 1.0218916437098255
32.85 1.03627397260274
34.223 1.0106666666666666
35.545 0.9801585365853658
36.944 0.3517750061139643
41.184 0.750061752433936
44.861 1.1471072826938136
47.551 0.7527113428943938
51.648 0.45951439688715956
67.154 1.050057142857143
68.542 1.2371547749725575
69.718 1.15404208600183
70.941 1.1222186666666667
72.323 1.0680478405315614
75.451 1.0963575076608782
79.443 0.7813362279511533
83.437 0.6810901231087304
94.129 0.9392357688113414
103.434 1.5331724137931035
104.136 1.5246153846153845
105.227 1.092788267644363
106.441 1.0856620689655172
107.926 0.8757385835384195
111.636 0.9003870967741935
115.069 0.9138616491422247
118.926 1.1454713926876918
126.237 0.9728853388301985
134.173 0.8427306358381503
141.277 0.6694251012145749
143.037 0.6632367816091954
144.87 1.400149358226371
146.016 1.6221408450704224
147.83 0.8052460732984293
151.761 0.7935131505316173
161.028 0.6432042265147764
173.245 0.9164609053497942
174.887 0.5917338262476894
177.19 0.5975317762085823
179.355 0.5943337515683814
181.108 0.6397150997150998
