0.01 4.096923943661972
0.562 4.080786885245901
0.912 4.02647247706422
2.71 4.024909973045822
4.608 4.031340748230536
6.707 4.02289014438167
8.41 3.9650355774493704
10.31 3.860382638010957
15.11 3.814370679656692
19.51 3.84866001330672
24.109 3.911850618672666
28.61 3.8174344076259645
33.112 3.851755066463282
37.81 3.877930975713677
42.61 3.8704926417370324
47.001 3.842861861191698
51.612 3.7420862104187944
56.61 3.7599488817891373
61.111 3.781568326947637
65.91 3.8316304685765044
70.511 3.8486283018867926
74.809 3.8589875886524823
79.41 3.8413730158730157
81.511 3.906927374301676
83.41 3.908491838955386
85.309 3.8305919661733614
87.31 3.8143454384410984
89.61 3.8931810012836974
91.213 3.8600614828209765
95.71 3.842237017310253
100.31 3.856191605839416
104.811 3.8192522782840634
109.409 3.857524647887324
114.012 3.744185018419975
119.012 3.6264576703987426
124.215 3.5829504909128893
129.302 3.7940335968379446
133.409 3.9000535754824064
137.912 3.7826191003766896
142.512 3.8426499552372424
147.112 3.8705663148233134
151.612 3.856259488084731
156.213 3.837121157323689
160.71 3.7595967810249893
165.515 3.853037171350861
170.202 3.8401811965811965
175.013 3.6460887752730655
179.413 3.2309025487256373
184.82 2.833116499112951
