0.053 0.870902994011976
1.861 0.869769392033543
3.458 0.8747896794370602
4.849 0.8683351955307264
6.349 0.8705299600532623
7.959 0.8754870017331022
9.252 0.8734757834757835
10.754 0.8622393056416615
12.463 0.8549704260651629
20.552 0.8159714285714286
29.667 0.6631911163062537
31.644 0.636040733197556
33.778 0.6854840085287847
35.764 0.7671509333333334
37.781 0.6613863134657837
41.987 0.5540302571860817
47.551 0.6162715754243365
60.257 0.8846754772393539
61.751 0.9156207612456748
63.355 0.9200391836734695
64.832 0.892687898089172
66.368 0.7873866601033719
70.737 0.7949614243323442
74.854 0.7898908673176336
78.467 0.7263708796764409
88.632 0.7415819093420648
98.563 0.6702938737908797
100.884 0.6528928046989722
102.377 0.6505240868184224
104.549 0.650071973827699
106.476 0.6434090704984283
111.082 0.5851853228053878
113.393 0.6899888059701492
117.757 0.7996842615012107
122.09 0.6256537287396423
124.481 0.4786053123830902
127.317 0.44651399491094146
129.812 0.44309423849933005
132.215 0.5543175232575873
145.501 0.4899665169456921
148.107 0.46330489236790606
150.827 0.36557199322416717
154.533 0.3707883817427386
157.831 0.5446448044251284
160.489 0.4972575167471569
167.125 0.4456686942990522
174.412 0.47234242910647406
180.347 0.5401185860889396
182.302 0.5489975550122249
