0.01 4.040022222222222
0.409 4.027961165048543
0.815 3.9978575498575495
1.616 3.977685305591678
2.409 3.9860629539951575
3.312 3.965633663366337
5.007 3.97155701754386
6.91 3.9662907900888267
9.11 3.993140359397766
13.308 4.30290304983883
17.409 4.129227261933033
21.708 4.43321454928835
25.609 4.3882085402184705
29.709 4.348544672718585
34.009 4.363119934729399
37.809 4.258126607319485
42.102 3.9837999130056545
46.811 4.307476078431372
50.71 4.193015813075289
55.007 4.145562710235464
59.21 4.00741257367387
63.41 3.9698476972184222
67.911 3.8618096479791393
72.612 3.846765466948953
76.911 3.8280787746170675
81.802 3.9258386946386947
86.21 4.0194429530201345
91.109 4.288226148409893
94.91 4.257519820493642
99.01 4.2382178702570386
103.21 4.194924069478907
107.312 4.186846003898636
111.51 4.214616975234431
115.712 4.191085452462772
120.401 4.150696043165468
124.911 4.211044438988461
129.11 4.2192989010989015
132.811 4.055650613786591
137.113 4.080057361376673
141.41 4.117256594724221
145.712 4.152616445100936
149.813 4.188010543973161
154.113 4.128264591439689
158.503 4.11802737183948
162.911 4.076642685851319
167.111 4.041387002473577
171.611 4.06559212231148
175.509 4.155241262954929
179.711 4.160052230685527
