0.017 2.4361943048576213
0.724 2.4597628458498026
1.319 2.459024175824176
1.819 2.462289108910891
2.419 2.401522975929978
3.924 2.408291619691845
6.613 4.132413006274957
8.407 2.036949819927971
12.616 3.8677233560090705
14.405 2.563500701262272
17.322 1.803010071942446
21.617 1.1605667299177735
28.012 3.0299232000000003
30.805 2.3141590845660063
34.512 3.637547315993359
36.41 3.634527559055118
38.509 3.334882276843467
40.967 0.6937595688239505
64.881 0.642146843459331
70.082 0.6952794571252314
71.874 0.7094308211473566
73.772 0.7132745762711864
75.67 0.7425911664779162
77.561 0.7618836565096953
81.264 0.6260543596434007
85.999 0.6981049519586106
92.863 0.7207568103021298
95.135 0.7300821018062398
96.471 0.6209398686205154
98.588 0.6139196704428425
100.699 0.7286407322654462
104.758 0.7323521609878803
109.262 0.7068017200191113
113.571 0.44277999731867546
121.279 0.29135337124289196
126.495 0.28160070438036544
131.413 0.4987588820464235
133.669 0.7811716535433071
135.239 0.6556793760831889
140.051 0.36321208599651367
148.806 0.493021241149521
151.406 0.48825641025641026
154.208 0.49370165745856354
156.711 0.5724651162790698
159.274 0.6258548009367682
161.584 0.6571614518147685
166.477 0.6769671641791044
172.977 0.6282281167108754
174.583 0.6706950540452015
