0.018 2.51193091537133
0.723 2.534908350305499
1.316 2.531348416289593
1.821 2.4788006482982174
3.112 2.4886530612244897
4.521 1.7683399558498896
8.225 2.6457706355003654
11.012 2.543896851574213
14.416 2.1944882598906403
17.62 2.2289951219512196
21.008 4.0883915171288745
22.913 2.6563242851972495
25.713 2.442698484359884
29.107 2.4408690020606416
32.613 3.363893551688843
34.613 3.5319751315160213
36.805 6.221715205148834
38.105 2.7663022162525186
44.113 2.6747678410117435
50.812 3.2808199277429173
56.113 3.30060355987055
61.114 5.638520725388601
64.305 7.774299212598425
66.713 3.3257270693512306
71.712 2.623229869545659
78.609 2.0898185879141336
86.72 2.6558625277161862
94.014 2.9532729314863344
99.413 3.1507217712177122
104.909 3.2294571908226075
110.313 3.447296900489396
115.315 3.4042015158270176
117.614 3.1082071992976292
120.015 2.8838257127487896
121.914 2.8720951714485654
124.811 2.876775619047619
127.517 3.15738819707634
129.412 3.5772729871367317
131.613 3.57214742014742
133.901 3.1773862569355527
136.311 2.998951965065502
138.711 2.9981864716636197
141.516 2.75127667830811
144.219 2.8418146310228907
150.515 3.5152191894127376
155.411 3.3801105886778258
160.814 3.2911936228235787
165.61 3.0454152976505915
171.314 2.9930229645093944
