0.014 3.0111966873706004
0.622 3.028321167883212
1.113 3.0321300813008127
1.515 2.972633624878523
2.612 2.9715595667870036
3.816 2.9572976465159204
6.01 2.964042553191489
8.513 4.003726285983955
10.711 3.927335084786243
15.01 3.6805107104984094
19.814 3.340026123703419
25.113 3.868356945722171
29.513 3.8703096124370484
34.112 3.8995304198800342
38.808 3.9015544747081714
43.011 3.629054583772392
48.004 3.826511802799248
52.912 3.921012851023322
57.213 3.753604056623706
62.012 3.6500596572879203
66.811 2.9599463087248323
72.416 2.4856177016416847
79.523 2.810964791288566
82.313 3.591884951206985
84.312 3.5335996064928676
86.411 2.017672605790646
90.151 1.7523483214649034
95.111 1.2686835390085756
100.047 3.0013050520632474
102.714 3.262218136230673
105.406 3.2697388862891903
107.61 2.9873333333333334
110.209 3.846005431830527
112.115 3.476674448767834
113.714 3.789680517082179
115.911 3.681387422193604
120.611 3.619667216592034
124.915 3.220797900262467
130.312 2.8797165991902833
136.314 3.9387382427162194
140.711 3.9100435790449697
145.111 3.8520096980383514
149.711 3.843202173420874
154.403 3.8736233907920576
159.113 3.875877792977656
163.613 3.8799758203799657
168.313 3.806191169335274
172.513 3.875049674084064
177.013 3.8643072776280323
