0.011 4.240256559766763
0.411 4.247918088737201
0.81 4.195061285500747
1.513 4.171065921787709
3.41 4.174864921465969
5.41 4.368414451261077
6.909 4.75620832185175
10.608 4.859781432360743
14.408 4.862138379657008
17.907 4.902149152542372
21.508 4.975157653791131
25.105 4.3949871962372615
29.009 4.594672212113335
32.908 4.64007341320418
37.1 4.671867210250437
40.607 4.8153982102908275
44.305 4.802703723125328
48.208 4.602261452513966
51.909 4.478398790017645
55.908 4.857497747747748
59.509 4.789604931024361
63.009 4.718631978319784
66.81 4.7215855472901165
70.799 4.752281313571636
74.308 3.8406849615806804
78.914 3.8181473588755384
83.409 3.4593328519855593
89.013 2.9280593912397923
94.512 3.3923146603098924
99.613 3.4940706357214935
104.608 4.616478427089023
108.307 4.444598034143818
112.402 4.77748487326247
116.108 4.643169543147208
120.11 4.673998987341773
124.108 4.601981218137913
127.909 4.533131050767414
131.408 4.848923511148744
135.009 4.571762185324049
138.812 4.070403034613561
143.111 4.812532952924394
146.9 4.617323117569352
150.809 3.637331047782301
155.513 3.728016799664007
160.312 3.6923544743701133
165.011 3.703286214712549
169.908 4.827421538461538
173.212 4.371221095334686
177.208 4.80690025146689
