0.016 3.023717255717256
0.618 3.020970873786408
1.117 3.0321300813008127
1.522 2.981325536062378
2.619 3.0175368852459012
6.621 2.2368111692844677
9.547 1.477487252702427
14.518 2.8450355466130115
17.621 2.211560453808752
20.821 2.0467816349384096
24.52 2.5845830182193192
27.518 2.444030636030636
30.617 2.44112407347728
34.008 2.4401506768687464
37.517 2.441696879643388
40.325 2.1740830144244923
43.823 2.247483870967742
47.315 2.984714406065712
49.821 3.205543204868154
52.41 3.1881104400345124
54.819 2.247269061121613
58.13 1.6512203975799482
63.014 2.283080188679245
66.52 2.2846782097353806
69.621 2.620871214885079
72.416 3.5825407810182894
74.518 3.3711000879507473
80.316 2.2716175665946725
87.315 3.6473541221700128
92.115 3.636446124763705
96.917 3.3265533254624167
102.118 3.324848297213622
107.418 3.6624722106142915
112.31 3.674249447680257
117.604 3.0186880313930673
123.814 3.014338137082601
129.614 3.6874545018007203
133.816 3.7041259163432514
138.515 3.709465449804433
143.216 3.604652529918119
148.017 3.5259046822742475
152.915 3.622837479270315
157.817 3.62567791542076
162.616 2.899804986974321
165.419 2.8733902621722844
168.22 2.8863012490815576
171.022 2.885731654363873
173.419 2.8763636363636365
175.82 2.983063511830635
