0.012 3.1412699784017275
0.512 3.158984771573604
1.014 3.1606101694915254
1.421 3.102271805273834
2.511 3.109053824362606
3.615 3.086928709055877
5.813 3.0957777777777777
8.213 2.960187020237264
11.115 2.6808110019646363
13.717 2.5962727272727273
16.617 2.47483607636603
19.716 2.4571221961834615
22.817 2.5625196211096077
26.009 2.968718940207662
28.912 3.127044719314938
31.115 2.6943927397903304
37.618 2.4854154681139757
45.117 2.527008588957055
51.712 2.7302609497464267
58.323 2.3568687982359426
62.917 2.621400955531055
65.713 2.5730127946127945
68.906 2.5399173499508034
72.015 2.8910293509714755
74.514 2.7078055032039203
77.216 2.5349702693249387
80.12 2.33472268907563
83.92 2.7734686785550986
86.214 2.692866435986159
89.215 2.6561714869003064
92.214 2.5604367900329787
95.206 2.5735166835187058
98.216 2.5788718552302483
105.119 2.3456966277727918
113.019 1.8048974484309317
123.322 1.8622776818742293
127.424 1.9259233817701453
130.526 2.0195524475524476
134.323 1.9769703562686973
138.122 1.8295935119193905
142.51 1.8758809068560502
146.227 1.9100955043093408
150.623 2.0426505329876115
154.22 2.0025124646620407
158.223 2.002597755155312
162.123 2.0098521360961885
166.125 1.961582054309327
169.621 2.181365979381443
172.814 2.6527131782945736
