0.034 1.2691169284467714
1.237 1.2804938271604938
2.334 1.2786925714285715
3.334 1.2779609455292908
4.442 1.4094554794520548
6.834 1.1133735255570119
9.265 0.836139893301719
12.766 1.0370243246546877
21.041 0.9256090082756749
28.541 1.124080808080808
29.64 1.229382448537378
30.813 1.4835914489311164
31.724 1.6319390862944163
32.63 1.6749826378312518
36.033 1.3425343137254901
41.218 1.137784624865198
47.818 1.9142554455445544
51.922 1.3798854917234664
57.136 1.263659683351991
63.529 1.1386810477657934
70.12 1.6174222222222223
74.64 1.4086355760368663
80.131 1.3655806736025393
85.936 1.244524886877828
88.233 1.4453935742971886
90.327 1.6708470847084709
92.223 2.600189312977099
93.614 2.6512108843537416
95.12 2.3335484257871064
98.516 2.281264757451783
102.019 2.279005870841487
105.221 2.0152082343626287
109.122 1.9772398771292936
112.827 1.454624517035476
118.635 1.5834197530864198
123.921 2.3927553865652724
127.31 2.0709147727272725
130.232 1.6054513577079323
135.023 1.3531868950111692
140.55 1.85697580444001
144.621 2.2297109144542775
146.719 2.40259009668913
150.227 1.6465490013934045
154.623 1.8394183191690274
158.921 1.8780788249694003
163.312 1.611261689909762
168.331 1.562256699576869
172.621 1.8550575342465754
176.326 1.7408430232558139
