0.021 2.2940189274447946
0.725 2.3177653631284914
1.321 2.2927377049180326
1.921 2.311256505576208
2.527 2.293922807017544
3.225 2.25332770745429
6.115 2.714170101161484
8.909 4.414097814776275
10.907 4.792699504517634
14.408 4.153568214456678
18.709 4.832733740967203
22.409 4.78782123541133
26.009 4.795361909929463
29.81 4.094243814664868
34.311 3.2754577378521845
39.311 3.9341704363719443
44.001 3.9794725179230936
48.712 4.055155303962589
52.808 4.3974772277227725
56.912 4.674568409645082
60.711 3.017415680473373
66.217 2.326841106508085
73.819 2.829451223967848
76.611 3.540962025316456
78.71 3.6208709677419355
80.809 4.72764514024788
82.411 4.531734216126744
86.712 2.4860359281437128
93.122 2.023810381607016
101.625 2.154702732542092
105.506 2.1532918335901385
108.827 2.1545214446952596
112.425 2.1514725007596476
115.821 2.5221169305724724
119.216 4.037603541564191
121.314 4.9584016563147
122.309 4.929582417582417
123.612 1.5686391526661796
134.683 3.0063358147229113
137.403 4.088202086765513
139.309 4.8397463002114165
140.809 4.214267663371111
145.011 4.725897550111358
148.711 4.838597983101663
152.509 4.55387088132869
156.502 4.787439531166756
160.31 4.691722488038278
163.712 3.7292009517629245
168.419 2.7576975234431353
