0.014 3.3589099307159356
0.515 3.373008130081301
0.906 3.3802296072507554
1.317 3.306854054054054
2.314 3.2964001653575856
4.807 3.6370397275822928
6.607 2.3868599670510706
9.721 2.1759158758656065
13.711 3.020214254094732
16.012 3.095302286198137
18.41 1.7456586951474344
22.822 1.2976350777934935
28.725 1.1930710348086313
35.124 1.6122169939723896
40.325 2.447151154132539
43.114 3.064464730290456
45.615 2.729824214613484
48.511 2.687035267349261
51.215 2.610394449950446
54.317 2.608556300741264
57.216 2.799384615384615
59.998 6.84140376007162
61.208 6.469620677102293
64.01 3.5774666374972655
68.713 2.6510562206394908
75.413 3.330403005734625
80.508 3.1192552083333336
86.715 2.7191285763529818
92.612 4.2384988830975425
96.71 4.064112676056338
101.199 3.6371652323580035
105.915 3.6113526691887348
110.805 7.513327046720961
113.205 7.503727645611157
115.709 4.049637201140601
120.307 4.076915616829094
124.608 4.2948120805369125
128.31 4.324121822300529
132.409 4.367091327705295
136.601 4.368692111959287
140.608 4.682933925596891
144.308 4.737481160206018
148.107 4.711469331112961
151.809 4.644902145473574
155.707 4.647238928376162
159.407 4.587046452271568
163.409 4.543620040544455
166.908 4.480274428274428
171.002 4.341129447388342
