0.039 0.9982210020590254
1.641 1.011080422420796
2.945 1.004359066427289
4.144 1.0092987012987014
5.449 1.0027116564417178
6.85 1.0072901296111665
7.949 1.0027473426001634
9.245 1.001290136789057
10.756 1.2960987841945288
16.135 1.5152547150259068
21.022 1.444486455331412
26.328 1.5699302673796791
31.127 1.6216673089274245
35.931 1.5317997413633846
41.427 1.5657570271557884
45.727 1.5848412017167381
50.711 1.441221021244875
56.129 1.6114878326131454
60.623 1.6844306118098487
65.424 1.794570179698883
69.62 1.6359706422018347
74.025 1.0422596835788325
81.438 1.4250106382978724
83.828 1.4566560846560848
84.626 1.6121075027995522
86.662 0.6432867429055485
91.528 0.7448607041329544
96.234 1.2887536231884058
97.038 0.856931659693166
98.558 0.8872017274690305
107.473 0.6894358164775531
117.935 1.3906225165562913
118.927 1.570324693042292
119.729 1.6083050430504304
120.622 1.6508906789413118
121.624 1.6944825986078886
123.424 1.647837242158802
127.215 1.5430941224825319
132.138 1.496360642239605
137.13 1.6096467027027026
141.832 1.541894925909295
146.431 1.4690146900752419
152.132 1.512703221676979
156.928 1.5230211102423767
162.133 1.629556499575191
166.927 1.6175647519044678
172.117 1.5990952839268529
176.331 1.5684410470233958
180.73 1.6378803418803418
