0.009 3.654291457286432
0.513 3.671504424778761
0.914 3.6212851612903227
1.812 3.606863768115942
4.01 3.6097745586238115
6.31 3.630857790368272
8.11 3.656799596163554
10.21 3.6364749249892845
12.612 3.6227697730777706
17.212 3.5906492861576664
22.112 3.655281900357368
26.911 3.605491103965702
31.611 3.4699065567334118
36.812 3.3357170606560382
42.314 3.5890809843400446
46.913 3.3586627657499513
52.115 3.3653577023498698
54.514 3.4197451737451736
56.709 3.5786521739130435
59.01 3.6876447105788426
61.111 3.6900320744956026
63.11 3.8634216380182003
65.211 3.623990212071778
70.213 3.7292132269099203
74.713 3.672191435768262
79.614 3.3133676962423766
84.814 3.2144756793022475
90.813 3.621759412304867
95.21 3.567351577188218
100.112 3.657959011197972
105.102 3.5992216308281884
109.911 3.6489309832236145
114.713 3.6693724094620057
119.615 3.6595495099019804
124.71 3.5960841449162446
129.914 3.4340773078672124
132.212 3.4733150684931506
134.009 3.7694257028112452
136.109 3.6956380274529743
138.113 3.416528682882056
140.412 3.4235294117647057
142.512 3.600446641944788
147.414 3.60335894714498
152.214 3.4864131971720345
157.413 3.5246941737507775
162.313 3.4330559694364853
167.613 3.4989116859946474
172.214 2.934983997276132
178.215 3.34186013986014
