0.011 4.447730886850153
0.411 4.383131868131868
1.207 4.398896551724138
1.913 4.380716312056737
3.108 4.384138482023968
3.907 4.3743781569965865
5.409 4.958425739729963
9.011 4.994922573609597
12.812 4.905653937947494
16.208 4.734954433833561
19.908 4.952485331814298
23.507 4.854146031746032
27.011 4.859968105581523
30.709 3.741625488180884
35.798 4.7890125373134325
39.21 4.755554819110743
42.912 4.639694022289768
46.909 4.641153802816902
50.515 4.315231479232451
54.712 4.734860592755214
58.41 4.670344590726961
62.008 4.786078064870808
65.71 4.753155389141481
69.701 4.808174066451043
73.211 4.882590008372872
76.916 4.624340472267984
80.612 4.670900316841336
84.811 4.8054779165397505
88.21 4.799581787521079
91.811 4.849613445378152
95.512 4.793179472639637
99.11 4.676868807838868
103.1 4.755450895279436
106.91 4.7827681045751635
110.811 4.7743201448151025
114.808 4.792283878178262
118.511 4.777060031104199
121.809 4.679851811495505
125.612 4.484097714736013
129.512 4.633997300944669
133.31 4.622616607289668
137.2 4.648023404255319
141.011 4.716705751597666
144.711 4.770979844127923
148.509 4.759126539753639
152.21 4.760807417218543
156.113 4.80671568627451
159.407 4.786256524153249
163.112 4.617256038647343
