0.019 2.376483660130719
0.724 2.398150289017341
1.324 2.334855241264559
2.622 2.3958689788053946
3.223 2.3484222539229673
4.726 2.3362974845060154
7.522 2.3565777488614184
10.712 3.0386446991404013
13.613 3.077430762291385
15.913 2.913951375049821
18.521 3.0086242496998796
21.112 3.2748473520249224
26.32 3.1378846085567194
32.011 4.38521031076849
36.212 4.476337053571428
39.911 3.8063359858532273
44.516 3.2715684943739953
50.215 3.20796261682243
55.416 4.258343240651965
59.902 4.305922635388071
64.009 4.23299195849546
67.913 4.336675466998755
72.009 3.2699260349586017
77.514 2.9437623762376237
83.117 4.197293666026871
87.414 4.252991919191919
91.412 4.331006553672316
95.913 4.236408163265306
99.9 4.276712246431254
104.014 4.243411764705882
108.214 4.204313354886843
112.311 4.29892819614711
116.412 4.398642910915934
120.512 4.289352403282533
124.913 4.207451230628988
129.412 4.025248533208167
133.812 4.052308179419525
137.901 4.401674609274917
141.914 4.201565345803593
146.115 3.974296296296296
150.515 3.8162733031674207
155.012 3.795128773072747
159.713 3.68710338835795
164.417 3.670172397550636
166.612 3.4143088562527812
168.916 3.5089379187137113
171.214 3.540671283963772
173.213 3.5265416666666667
175.214 3.5123167155425223
