0.015 3.1894912280701755
0.511 3.1832225063938617
1.008 3.196731428571429
1.415 3.204783505154639
1.917 3.3358541033434648
3.015 3.58014748603352
4.911 3.2882977757603267
7.211 3.613243611584327
9.614 3.375154351395731
14.61 3.879635144198524
19.212 3.7514942826321467
23.911 3.7686793636567333
28.411 3.9774311431143117
32.91 3.7485601317957165
37.811 3.6636656770952274
42.319 3.842861861191698
47.102 3.83452208499058
51.912 3.967275704310137
56.11 4.094447568564185
60.51 3.9115465880752662
65.013 3.6126154527341154
69.613 4.329127797115863
73.71 4.149439178146159
78.112 3.5098948272161405
82.815 3.592262833675565
88.002 4.1057649926864945
92.211 4.043186497890296
97.012 4.058755852842809
101.013 3.4436200846944947
106.016 3.771099978218253
110.713 3.7845408551600626
115.213 3.81501243339254
119.813 3.903250275633958
121.712 3.8685810368986453
123.913 3.8465079662605435
126.114 3.8235625316455697
128.211 3.6631256281407034
129.913 3.636172397094431
132.015 3.8728396377197654
134.016 3.962372490191553
138.413 3.7811988343420757
142.914 3.722378700745474
147.715 3.973647940074906
152.109 3.8584690284720713
156.813 3.910651023694502
161.214 3.8157214437367304
166.012 3.849146221786065
170.403 3.9532437514331575
174.812 4.0642324592487595
