0.011 4.051275766016713
0.412 4.080786885245901
0.814 4.00928
1.613 3.993263707571802
2.407 3.9908945454545455
3.312 3.977941651148355
5.008 3.9542139737991264
6.913 3.6058602637276125
12.111 3.1732443072172907
17.408 3.6266683385579936
22.31 3.6476140130060837
27.107 3.698244503078276
31.713 3.6265293393516616
36.711 3.8049765886287625
41.61 3.866761147264401
46.001 3.3850725378415567
51.209 3.786174452252997
56.11 3.238862984077059
61.318 2.8679932697700505
63.216 3.5926300437530387
65.313 3.8163895131086143
67.208 3.647204021784667
72.11 3.7040533555648185
77.012 3.528830384117393
81.901 3.6806900904691773
86.715 3.1223299962921764
92.213 3.548740008240626
94.901 3.2983012506797174
96.811 3.3836452173913045
99.213 3.7877185832120333
101.313 3.633609984399376
103.314 3.6534086124401917
105.51 3.676298657718121
110.505 2.429493758300133
118.128 1.4570512193197065
130.933 2.2663673469387753
134.507 2.356240808080808
137.016 3.1066181216383946
139.516 3.468187022900763
141.714 3.918218947368421
143.71 3.5974855945521216
145.716 3.6159786919206867
149.211 3.9301773835920177
151.111 3.3597305071915216
156.513 3.7198249452954046
161.211 3.5060569644947326
166.417 3.4973517610343294
171.014 1.435717521652232
183.152 1.7869451697127938
