0.013 4.0288310249307475
0.41 4.002057877813505
0.812 4.024661870503597
1.21 3.9571021992238036
2.111 3.943616221562809
4.21 3.943670153846154
5.91 3.8313607103218645
10.511 3.4997852913085
15.813 3.243983428684159
21.011 3.4853601124723843
26.112 3.4575812288725394
31.211 3.433976316864026
36.215 3.442198971877835
39.614 3.434810273405137
42.109 3.4558611987381704
44.11 3.462428504453821
46.31 3.464870967741936
48.61 3.436329776915616
50.709 3.4191536131544784
53.11 3.411837488457987
55.311 3.449145067698259
57.411 3.444461325420376
62.513 3.415730924466654
67.813 3.4217618748692193
72.713 3.4195308835027363
77.911 3.422444218654745
82.911 3.4186057795219407
88.614 3.4244375949641848
93.311 3.3088378221274946
98.703 3.2180520446096654
104.216 3.4042577527184856
109.314 3.4153877956668652
114.412 3.3825920494017754
119.712 3.3934498237803745
125.218 3.414495840266223
127.711 3.4108112014453478
130.011 3.390520930232558
131.811 3.3838197386210003
134.113 3.3810790697674418
136.31 3.3823789186733304
138.612 3.3981197427016325
140.712 3.4195329441201
143.213 3.417641232132072
148.312 3.4324856921887084
153.614 3.434262626262626
158.614 3.4330559694364853
163.914 3.3754561101549054
168.615 3.335286515767073
173.915 3.40132384341637
