0.011 3.4546508313539195
0.517 3.4766480446927375
0.917 3.4183873325213154
1.812 3.4176983240223464
2.812 3.5266657663740717
4.413 3.1693689416419386
6.516 2.874650793650794
9.112 2.7105099041533545
12.31 3.209155221072437
14.515 3.7096212056434372
19.317 2.787460083360051
25.617 2.891458827574351
31.513 2.970207360107545
37.52 3.344296895094617
43.011 3.670371082132235
47.412 3.7047900172117036
52.113 3.9249007928005146
57.002 3.8676281690140843
61.312 3.6881478098401494
66.211 3.701744689980691
70.913 3.740129268851707
75.313 3.760751968503937
77.413 3.7648070004861447
79.511 3.809041394335512
81.411 3.8130615711252656
83.412 3.8124566017885324
85.409 3.6510351844001696
87.812 3.6408019207683076
89.513 3.701107932379714
94.213 3.785115872321819
98.912 3.7811549988816817
103.512 3.8226509454949946
108.113 3.8397791894852134
112.714 3.5522500970873785
117.913 3.5724256965944274
123.113 3.582202172096909
128.206 3.236040455120101
133.014 2.4309800481109383
140.12 2.217608297742526
143.52 2.6112297439494916
146.411 2.615232292460015
149.124 2.0418426294820717
153.22 1.8942131979695431
157.025 2.270992713494608
160.513 2.8467354359925787
163.313 2.412192815474363
166.804 1.6503203377203874
170.938 2.1413535736875398
174.213 3.8886363636363637
