0.017 2.7493534971644613
0.622 2.7720267260579066
1.119 2.716840271055179
2.214 2.718968888888889
3.414 2.7143347073371804
4.719 2.7085646661031277
7.114 2.5724857954545457
10.015 2.970551820728291
12.911 2.948428694900605
15.311 3.862178552562071
17.312 2.412678784515055
24.613 3.6024022274576994
29.412 3.8762508771929824
34.01 3.7555205281617496
38.91 3.690635380722337
43.31 3.6467310461668787
48.112 3.6826521913952552
53.211 3.7267803664329335
57.9 3.7237073988681617
62.712 3.6377465738983763
67.511 3.583263943785683
72.111 3.5694448544485446
77.115 3.327475753604194
82.512 3.5265473366400686
87.213 2.83608685353336
89.813 2.7672699503627336
92.517 3.28481769641495
95.212 3.3109039301310044
97.111 3.556848263254113
99.412 3.6359981369352585
101.61 3.6392875
103.608 3.6429503816793893
105.812 3.655597914494265
110.714 3.6566236258245053
115.812 3.597485580670304
121.013 3.555469320066335
125.912 3.794971089696071
130.012 3.7584196018376725
134.711 3.7626096539563587
139.312 3.7544194183249506
144.202 3.613523564695801
148.912 3.673091214796133
153.71 3.680707718993929
158.413 3.6230236734693877
163.414 3.694762008259074
168.113 3.6662684618523054
173.113 3.3134361140443507
177.914 3.2375767136150233
183.314 3.2929267872523686
