0.014 2.8295875486381323
0.622 2.854678899082569
1.117 2.839736040609137
1.622 2.8519633027522935
2.118 2.7811458998935037
4.12 2.907651542649728
6.411 1.7742150379622825
10.659 2.214538240668233
14.614 2.756631919191919
17.214 2.650871646120377
20.015 2.803337807606264
22.813 2.858031152647975
25.419 2.648534265734266
28.51 2.9858235505941666
31.415 3.134500715307582
33.621 3.1331630276564773
39.215 3.2288933544861624
45.015 3.123430521327014
50.419 3.0234526889040163
56.417 2.5844565608148593
63.218 2.5926571337782014
69.621 2.7518357940223264
72.706 1.7110490499337163
77.337 1.2282051282051283
83.136 1.2643097500879972
88.917 2.4769241285030756
91.919 2.7882136613790873
95.115 3.1790230607966454
97.116 2.7567778958554725
100.021 2.246471366906475
103.622 1.4593634085213032
108.717 1.4968876690844932
113.913 2.815306560636183
116.519 2.947555871886121
119.417 2.9848901818181814
122.221 2.790663710273466
125.02 2.857273885350318
127.118 2.976098295679746
129.714 2.7256542932133483
132.414 2.718005111354509
135.406 2.7166139240506326
138.02 2.901641896673744
140.916 3.159394007072399
146.418 3.199858687815429
152.016 3.230020900627019
157.315 2.98142800265428
163.419 2.9838569798402435
168.718 3.05188458134183
174.413 3.0245949367088607
