0.024 1.9366284953395472
0.824 1.963154574132492
1.524 1.9594676007005254
2.225 1.9520502354788067
2.931 1.9220595446584938
4.732 1.9141170848267623
8.121 1.9819753761969905
11.819 3.0031490265486727
14.712 3.463281218274112
16.708 4.0549661674986135
18.614 3.422195630781342
23.817 3.242023130300694
29.115 3.449590944574551
34.314 3.94175140753573
39.012 3.9360137389597645
43.21 4.002757787075779
47.616 3.525988835418672
52.913 3.7437164280845265
57.604 3.4014566341183228
62.915 3.6270405717889425
67.714 3.847720820561188
72.014 3.887003051881994
74.014 3.8857039638735573
76.114 3.9003904071388735
78.012 1.6258661710037174
88.814 3.875657754010695
90.709 3.5871686797167843
93.216 3.280462952947539
95.115 4.057551616266944
97.109 4.0281805490926015
101.513 3.0438501980554555
107.118 2.90593877896161
113.12 3.7074010152284265
117.914 3.51336431726522
123.217 3.9632844341188185
126.313 3.83911337061515
128.313 4.183426111908178
130.002 3.9339903824135565
134.413 4.028069844266163
138.713 4.187551219512195
142.913 3.954038443506798
147.212 3.8166778772657786
151.913 3.784932887402453
156.515 3.8359585133967156
161.216 3.5932361023039525
166.016 3.6016128256513027
171.306 3.6418570102135566
175.718 3.791531999120299
180.313 3.79525612177366
