0.033 1.4025149469623917
1.13 1.4143636363636363
2.131 1.4109155107187894
3.037 1.416236902050114
4.036 1.4044425349087002
5.045 1.3844165046446317
9.733 1.3137685890460646
15.356 0.9687024434802466
24.247 1.1808814887365329
25.342 1.188931623931624
26.342 1.1857053291536048
27.623 1.176256120527307
28.747 2.314298424467099
31.207 2.7284080289568937
34.319 2.7342129783693845
36.813 2.7302624768946395
39.612 2.727898412698413
42.515 2.617551533062431
45.404 1.0473887513264946
62.425 1.6727116342236306
66.926 1.161509851815665
73.121 1.582818558409279
78.22 1.169643256305694
84.989 0.7262740955901769
88.875 0.8685441930618402
92.356 1.068448821667253
95.329 1.462536711034779
97.731 0.9094261154318461
100.274 0.7303164614683083
104.746 0.982878812860676
106.046 0.9800529182879377
107.448 1.0438309859154928
108.743 1.3626820631254812
114.029 1.9397264637002343
118.437 1.2220407920202472
125.249 1.1045101652771685
132.145 1.2953567303420703
136.731 1.3480603231597845
142.439 1.3025120946067013
148.126 1.6821528525296017
150.026 1.682366402921485
151.725 1.8733495736906212
153.422 1.9964748490945674
155.021 1.6770934136891948
159.726 1.6264473182107273
164.525 1.790453965360073
169.024 1.8934017094017095
172.631 1.4570604691198623
177.334 1.458830694275274
