0.033 1.1588908366533865
1.445 1.1686760563380283
2.646 1.1546501547987615
3.741 1.16646904315197
4.943 1.151
6.143 1.1706975666280417
7.153 1.1454064149411287
9.752 1.1429201131617945
17.242 1.14416635921516
23.339 1.1434319674695028
29.846 1.1469949656750573
36.545 1.1559968498976216
43.038 1.175473491773309
44.238 1.1703889340927582
45.717 1.1657898832684825
48.144 1.1557049309664693
50.741 1.1496009557945042
53.345 1.1528995363214838
56.047 1.1433459701924469
63.048 1.131359461114513
69.641 1.1438152661962797
75.937 1.1152791519434628
77.147 1.1001812080536912
78.45 1.1134802831142567
79.539 1.0877310162448055
82.254 1.1126739926739926
85.232 1.121019393466094
93.039 1.1318484791938794
98.545 1.1422844561867018
105.439 1.1448141956298576
112.338 1.1553834862385322
113.545 1.1381246612466125
114.92 1.1262550437761707
117.642 1.1245134490977187
120.642 1.1254661522272886
123.641 1.1331605896043446
126.346 1.1321483207144245
131.643 1.1447928037810642
138.35 1.1471232444374309
144.841 1.1549202606267452
151.441 1.1790278884462153
152.54 1.1458902654867256
153.744 1.1361618320610687
156.448 1.1458819617622609
157.745 1.1456913137114142
160.644 1.1540117508813161
167.545 1.1442561983471073
173.447 1.119537037037037
179.642 1.0710485133020344
