0.015 3.0683713080168777
0.623 3.03031339031339
1.715 3.0275037756202807
2.716 3.0285544554455446
3.813 3.0345511520737327
5.013 3.041183770883055
5.918 3.022161034626617
8.416 3.0138174067495562
11.316 3.9008942252715837
13.113 3.5692324146441794
18.012 3.655281900357368
22.813 3.968762623879188
27.11 3.901921412803532
31.711 3.740087939182248
36.711 3.7076940143286343
41.113 3.5149753010818534
46.116 3.3746337509211495
51.802 3.226810810810811
57.018 3.1222861159929702
62.817 3.0392517174564033
68.621 3.0083644032053987
71.114 3.0097865301299724
73.714 3.2484093959731544
76.214 3.2527441860465114
78.415 3.2491216644052465
80.713 3.255831087151842
83.014 3.3215549556498263
85.714 3.325425438596491
87.616 3.5510318153462257
92.514 3.947359781121751
97.013 4.052143815915628
101.312 4.038264629847239
105.613 3.947881081081081
110.111 3.8184278856188687
115.016 3.6617009123363746
120.116 3.4071481922924116
125.404 3.9767602278612117
129.312 4.248203758654798
133.415 3.5409583074051025
138.313 3.5716579987518204
143.213 3.718679012345679
147.814 3.1938172514619882
153.419 3.0564321209938785
159.017 2.9280580570674584
165.218 2.878781238273921
168.019 2.2511495702005733
171.619 2.2520637072178924
174.616 2.2494883720930234
177.722 2.292248803827751
