0.011 3.8476402116402113
0.511 3.865341614906832
0.914 3.808
1.713 3.801113846153846
3.113 3.9810244633050424
5.206 5.1185814696485625
6.508 4.202649135622108
10.715 3.395991844300278
16.207 4.638576022566996
19.811 4.707978296256104
23.608 3.0543080976637977
29.422 3.2457769201080664
34.714 3.599939714867617
39.708 4.174044485209814
44.302 3.419994031123428
49.114 3.119540579710145
54.716 3.1272106752931665
57.312 3.106405962297238
59.717 3.08779366940211
62.315 3.0856116910229643
64.814 3.0838011240812797
67.214 3.637243217515469
69.411 4.075898947368421
71.409 4.077784256559767
73.213 4.163331746787244
77.509 4.320638276038994
81.508 4.381505258344764
86.01 4.381111913357401
89.709 4.356355102040816
93.709 4.356597886260694
97.813 3.6719252823631625
102.514 3.660591393268002
107.504 4.728511464796331
111.31 4.921734732311004
115.112 4.39055790725327
119.409 4.132911807228916
123.616 4.019431562418215
127.514 3.9520901771336554
131.91 3.755986798679868
136.513 3.7984424778761063
141.109 4.30963924374042
145.301 4.305633899975364
149.414 4.117250545719137
153.616 4.101852125693161
158.014 3.5932361023039525
162.812 3.5053731226838307
168.015 5.022125480153649
171.21 6.835882632831086
173.81 6.12674358974359
