0.031 1.3185929283771531
1.235 1.3297435897435899
2.236 1.3256587677725118
3.135 1.3172203389830508
4.135 1.3088448448448449
5.245 1.3096156217882837
7.339 1.3018624826949698
9.644 1.0215407585791692
18.034 1.109917683422808
24.247 0.9305210640193458
32.251 0.9801267109894408
40.221 0.9623913713405239
41.645 0.9698099547511313
43.045 0.9791749489448605
44.649 0.9826793002915453
47.552 1.0305001758705594
50.514 2.4842065404475044
51.719 1.6672263529411764
56.029 0.8239482794577685
65.775 0.8414027097802573
74.843 0.6723710021321961
76.88 0.6729722814498934
78.882 0.6739033915724564
80.972 0.6780985221674877
82.775 0.905888888888889
84.15 1.0558220368439346
87.141 0.9368118811881189
90.869 0.7999968346082829
98.549 0.9631663366336634
106.927 0.982878812860676
108.252 0.9762542635658915
109.654 1.0623136593591904
110.944 1.1615015136226035
112.216 1.0298397256002494
115.556 0.8424969721851586
125.622 0.9855828765335422
133.37 0.832742538911895
140.445 1.224909624796085
146.815 1.520463768115942
147.63 1.515060606060606
148.534 1.5022434782608696
150.43 1.5012396290873595
152.719 1.4988640483383686
154.832 1.4990371953826422
157.415 1.4925976653696498
162.633 1.6395058430717864
167.521 1.55204110228865
171.941 1.125679135494597
178.04 1.016723259762309
