0.028 1.3173985507246377
1.243 1.3297435897435899
2.243 1.3272313167259786
3.234 1.3284786324786326
4.234 1.3194106962663974
5.337 1.3311093544137023
6.245 1.3038375398897593
9.839 1.1307338397974145
17.437 1.0805612923661705
23.856 0.928276282376841
31.834 1.2923917995444192
33.014 1.2864922760041195
34.137 1.2846833166833167
35.232 1.270678445229682
36.439 1.2920325826545282
38.628 1.40311877394636
40.828 0.6150952040085899
53.569 0.7362543640897755
63.354 0.9573603473227207
64.849 0.9567470288624789
66.33 0.9577585421412301
67.749 0.9456898876404495
69.424 0.9302152777777778
72.956 1.164436917866215
75.438 1.1357885601577908
78.046 0.9944401756311745
85.445 1.1100389225415648
93.366 0.7183297015632402
101.975 0.6354003919007184
114.541 0.6437537796976242
116.582 0.6412260692464359
118.678 1.002310262529833
120.035 1.332735135135135
122.337 1.285095719844358
125.041 1.1488378088077336
127.937 1.1774639258363564
130.537 1.2514369098712446
135.333 1.3261561285764747
141.136 0.9648685956994956
148.75 0.8934683544303796
150.258 0.9608311688311688
151.656 0.9542048636698599
153.153 0.9592733278282412
154.453 1.0101549985594929
158.223 1.0456524465040207
165.642 0.8905590569031965
174.532 1.3123696682464456
179.741 1.1425852176847788
185.736 1.1788385826771652
