0.041 1.0539188405797102
1.548 1.061074168797954
2.847 1.0359777777777779
4.045 1.0276495867768594
5.348 1.0797159372419487
6.64 1.1928122786304605
7.538 1.2488391038696538
8.647 1.3547188544152746
12.938 1.345693096646943
18.14 1.3254358230601886
23.732 1.3257894551225533
29.528 1.4391027450980391
34.741 1.3399624977887847
40.529 1.4293452852956385
46.438 1.2339117702271447
51.839 1.3252036605060111
57.547 1.3217252747252746
59.84 1.226347718865598
62.341 1.203995547309833
65.136 1.1868460236886633
67.641 1.2996116015132408
70.137 1.468456571867794
75.428 1.4810112832281506
80.728 1.4048613901165126
85.836 1.2581099824868651
91.642 1.2584615384615385
97.537 1.436902235568902
103.635 1.5046362098138748
104.335 1.3241810344827587
105.336 1.3072476540187679
107.832 1.4688590466427471
109.83 1.497230481533427
112.033 0.7014559144045968
122.253 1.0238111248454882
130.454 1.0572026529108327
132.127 1.1640691537761603
133.341 1.1724721603563473
134.343 1.181057142857143
135.256 0.9957135461604831
136.55 0.9534594264795607
140.13 0.9226924627166465
147.645 1.1011199140593528
155.247 1.050843337779754
162.146 1.2371825976500477
168.543 1.1523712000000002
173.039 1.0530526315789472
174.35 1.0387686496694997
175.73 1.126841255605381
178.032 1.3374474199869366
