0.016 2.5605774647887323
0.722 2.587609147609147
1.317 2.57208275862069
1.822 2.534250207125104
3.118 2.5389048543689317
3.718 2.5220243998425818
6.314 2.54179649122807
9.218 2.583403166869671
12.617 2.6464949573312646
15.314 2.6451172214182344
18.118 2.4904113945014905
21.216 2.741660067239447
24.016 2.776689149560117
27.0 1.8658037803780378
31.575 1.402399829315127
36.317 2.689497450837582
39.119 2.6732084341514
42.118 2.626283172720534
44.916 2.5797140058765917
48.019 2.5993809356313755
50.922 2.712915045719036
57.015 2.73898883120969
63.414 2.771685589519651
69.915 2.425841863225041
76.721 2.506349570200573
83.817 2.770040789473684
90.018 2.6982431077694238
93.319 2.693417406749556
95.619 2.588089125374127
98.719 2.394628220858896
102.012 2.394596298834818
105.018 2.3138254545454546
108.423 2.2371235387045814
111.715 2.2367356197677557
115.704 2.3213936651583706
119.321 2.322120541205412
122.617 2.3206112216474333
125.222 2.731428155692979
128.015 2.7905259117082535
130.716 2.651216524216524
133.622 2.270280991735537
136.718 2.1041929689504744
140.721 2.1038694362017805
144.407 1.8811627233220665
148.622 2.0491324786324787
152.42 2.294542056074766
155.921 1.7836392914653785
159.726 2.1312433112999685
163.023 2.260398896334253
