0.017 2.6933481481481483
0.623 2.7057391304347824
1.119 2.6576666666666666
2.22 2.6575499565595133
3.42 2.657375302663438
4.717 2.648125619834711
7.218 2.4539701897018973
10.215 2.745597411003236
13.422 2.582386071158213
16.114 2.6527953555878083
18.915 2.6097021867407153
21.921 2.7022916053019146
24.712 2.793070796460177
27.706 2.7293061224489796
30.812 2.4453303571428573
33.623 2.4719873672121735
40.723 2.5377545026323083
48.016 2.6707887826227914
54.317 2.619552934237688
61.223 2.716926470588235
64.02 2.4741005896635446
67.017 2.446957412744156
70.407 2.643074402730375
73.42 2.6390188679245283
76.122 2.6498738472888235
78.921 2.6635354649026093
81.717 2.601266082754455
85.118 2.792622467771639
87.42 2.7883855249014693
90.315 2.575548663807324
93.414 2.6916147919876736
96.119 2.5524087938205584
102.921 2.5433244341265238
109.922 2.7082291635825313
116.723 2.6109879790694386
123.921 2.6403300492610837
130.523 2.6423633892161305
132.815 2.6495045871559633
135.719 2.735912683477606
138.417 2.56888060731539
141.42 2.443551724137931
143.324 2.581876574307305
146.623 2.6259407407407407
149.419 2.4494737503929582
152.906 2.407264512080326
156.216 2.5903435542367292
159.317 2.749623500206868
161.824 2.4929896907216493
164.62 2.4758656330749353
