0.036 1.3294405850091406
1.238 1.341206896551724
2.238 1.3383444976076555
3.138 1.3428250539956803
4.137 1.3315030549898168
5.246 1.3204725388601037
7.248 0.8586794038975927
12.608 0.6950025395265013
24.949 0.9850326797385621
26.246 0.9296908939014201
27.593 0.5795301327885597
29.848 0.5753956701980655
32.189 0.7042541073384446
34.349 0.5126526036288539
41.329 0.4918774170010945
47.156 0.5879595573600829
59.906 0.506875055187638
62.29 0.5012179700499168
64.908 0.5615755517826825
67.398 0.575611848825332
69.651 0.5754416058394161
71.99 0.5322495784148398
74.5 0.5277327967806841
77.1 0.5314826254826255
79.287 0.8820676183320811
80.754 1.16951428110376
87.026 0.560509696733047
102.58 0.5819633507853403
104.299 0.576108766994843
106.75 0.586439744220364
108.887 0.5871179487179488
111.177 0.58709412861137
113.496 0.49851255265374894
119.603 0.5441911352776404
125.782 0.6503281958295557
128.173 0.4881007249141549
130.997 0.4829724770642202
133.303 0.4806627906976744
135.671 0.5110859167404783
138.09 0.5332605357447535
144.141 0.3939651216154199
161.668 0.9150925795053003
163.15 1.0866978484565013
164.343 1.0669473684210526
165.747 1.0845779220779221
167.046 1.0953909324208726
168.349 0.6880810600155884
172.409 0.5469865041358294
177.198 0.6386874610106051
