0.036 1.2160602006688963
1.342 1.2310979228486647
2.432 1.2281624588364435
3.433 1.2299268051434225
4.534 1.2219962616822428
5.743 1.2036934635612322
11.136 1.174849172883555
17.43 1.2602341057635176
24.244 1.2908779443254819
25.244 1.2955064027939462
26.245 1.2923917995444192
27.247 1.252461433447099
33.248 1.2215462022254475
39.713 1.1999467438494935
46.744 1.2791612903225806
48.937 1.2881303841676368
49.937 1.2943314543404736
50.937 1.252113801024916
56.735 1.1984929470650691
63.438 1.2122769028871392
69.637 1.249401296198984
75.44 1.2415675060926075
81.736 1.2744567541302236
83.012 1.2834871794871794
83.937 1.2692237837837839
84.938 1.255206611570248
87.453 1.258311045437754
90.236 1.2529593059285271
95.141 1.230416442687747
101.532 1.2456499122387106
107.941 1.2466426404995539
113.648 1.2383988020963312
117.734 1.200898236092266
123.739 1.2214469842206166
130.635 1.2336424452133794
133.333 1.278033966033966
134.44 1.2871393643031785
135.335 1.25217316017316
137.731 1.257945137157107
140.233 1.2427196819085486
142.836 1.2327409800753903
148.532 1.2157212750185322
155.331 1.3225219175526954
160.833 1.2589717240264986
167.137 1.2402120918202393
173.437 1.249445292620865
179.837 1.2957078916372202
180.837 1.2889360544217687
181.638 1.2867621776504297
