0.032 1.4258901960784314
1.137 1.4405555555555556
2.129 1.4381182519280205
3.035 1.4375213872832369
4.028 1.4274410480349344
5.038 1.4181155122814781
9.63 1.3068951831138371
15.239 1.0702530591648796
23.239 1.1728836169847
29.135 1.3721824907521578
30.037 1.3704347826086958
31.118 1.3592861806311207
32.145 1.3328193186718413
34.539 1.1138692307692308
37.755 1.114648334214701
41.635 1.2042002282732758
47.836 1.2047970088798878
54.342 1.1841096256684491
60.442 1.213773271889401
67.037 1.2304428904428906
73.316 1.2857981651376147
74.433 1.2856374745417516
75.538 1.2696777251184834
78.135 1.305982905982906
80.338 1.3523832785345233
82.537 1.2951179413867049
88.225 1.6547150816522573
93.529 1.98480890052356
96.616 2.2395349640287767
100.217 1.9703402322059567
104.22 2.251105670103093
107.417 2.2510683962264153
110.919 2.057087739686229
114.608 1.912848036951501
119.023 1.911608756404285
123.423 1.7689238697587257
127.826 1.6127477876106195
131.537 1.2402867525602908
137.734 1.7643980582524272
141.92 2.4602167878387307
145.014 2.4774891774891774
147.821 1.6097447978013348
153.212 2.472982211370771
156.115 2.5347351984385167
159.315 2.53786040357261
162.417 2.5450314220926464
165.618 2.687359482410028
168.214 2.681568316831683
170.813 2.6884399551066216
