0.021 1.7050504103165298
0.922 1.7238781163434904
1.729 1.7213169230769232
2.429 1.7222382271468144
3.222 1.7091973856209148
4.129 1.679968358602505
5.736 1.3064906976744186
9.255 1.120282054667899
16.937 1.8821142068965517
20.624 2.1371248173048816
24.112 3.5481604530438884
26.309 3.0568196584756353
28.808 3.9207080745341614
30.809 3.2338658346333853
33.416 3.9740314389359126
35.113 4.112697396704084
39.409 4.301905119774542
43.709 4.351847860538827
47.612 4.057973503883051
52.109 4.336223171651168
56.206 4.599262683201804
59.808 4.925530975954738
63.406 4.43303766525318
67.699 4.031706114398422
71.811 3.735707879564382
76.607 4.450805496828752
80.508 3.9417326203208556
85.412 4.586158139534884
88.908 4.272432324243182
93.008 3.697014734144779
97.812 3.966575316752698
102.111 4.191953159307148
106.503 5.05438062283737
110.007 4.439235137102645
114.209 4.235442991511815
118.611 4.839611738148984
122.207 4.459421602787456
125.709 4.653232936078007
129.506 4.411100775193798
133.408 4.2039569049951035
137.609 4.1991356733881
141.899 4.2224131432713214
146.11 4.300842158601469
150.108 3.908590048436812
154.711 3.453097704651635
159.716 2.901993864040045
166.012 3.5860845714285716
170.513 3.36720625
175.715 1.2352465266558965
