0.033 1.246279348757498
1.334 1.2572121212121212
2.441 1.2515167785234897
3.432 1.2547487386478307
4.54 1.2323619227144205
5.741 0.7483792592592592
7.342 0.6680407293393322
11.65 1.207156516789983
18.734 1.2152946205913786
24.434 1.2138641872820854
30.542 1.2309351669941062
36.737 1.2137297833636516
42.842 1.225898951382269
44.04 1.2389388458225667
45.524 1.2414696132596685
47.84 1.2051468531468532
50.339 1.2247127704709375
52.834 1.2225175983436851
58.737 1.2041548308442547
65.436 1.2269699485306325
71.536 1.2116242568370987
77.542 1.2127723342939483
78.643 1.2221957129543337
79.835 1.223591111111111
80.835 1.2189771380186283
83.333 1.2243450221684804
85.939 1.2120450323670138
93.143 1.205161136499106
98.244 1.198027093596059
104.839 1.2146394896530261
111.341 1.2086065259117083
112.442 1.2102824207492795
113.723 1.2017351746547522
116.235 1.218257469568425
119.221 1.1918757078553797
126.236 1.2032402804333973
132.639 1.2086416580310881
137.542 1.2101041095890412
143.835 1.2089339763845002
149.936 1.2108254288597378
151.036 1.2190978372811534
152.136 1.2078880597014925
153.346 1.2032109943411478
155.939 1.210720994475138
158.942 1.2187460862924782
161.64 1.2112387543252596
164.343 1.2006937669376694
169.936 1.2050115678946431
175.641 1.2271516393442623
