0.008 4.880563758389262
0.409 4.919525691699605
0.709 4.805643835616438
1.407 4.809496855345912
2.11 4.797829121540313
3.81 4.789700894233734
7.108 4.790530113794061
10.807 4.786148380355277
14.708 4.7635434530706835
18.208 4.62392965627498
22.008 4.810007192254495
25.707 4.844359447004608
29.207 4.817580812210411
33.1 4.806709268550304
37.008 4.811995200959808
40.41 4.8019698828778585
44.108 4.800186582809224
48.011 4.784
51.509 4.778323830016137
55.308 4.703880043620502
59.009 4.654359383913292
62.608 4.671787496646096
66.601 4.7633470919324585
70.407 4.767521865889213
73.909 4.702774193548387
77.708 4.701800111669459
81.408 4.781612774451098
85.508 4.78797693474962
88.908 4.776758601398601
92.608 4.776033103448276
96.308 4.785039343334277
100.1 4.787633324045695
103.808 4.807622600109709
107.509 4.821847127042699
111.408 4.80288657648283
115.307 4.772282693377853
119.009 4.777060031104199
122.309 4.789444103707834
126.008 4.792521055586749
129.608 4.754627527000831
133.499 4.7515290140845075
137.107 4.347404975124379
141.211 4.271621540010066
145.309 4.614716922277099
149.208 4.825319330116378
152.808 4.823415995705851
156.608 4.82296956655395
159.909 4.817014808605756
163.608 4.77886
