0.024 1.928923076923077
0.822 1.9539089481946625
1.525 1.9458365217391305
2.225 1.9368473520249223
2.922 1.9200234948604993
3.728 1.8739058823529413
5.227 2.167600239377618
8.613 2.8652131036811888
11.615 3.2016255279211636
13.812 2.968373528217621
16.317 1.828441634241245
20.519 2.939296756107329
23.109 3.5429410664172125
25.316 3.536624829998057
30.516 2.9605447499538657
36.019 2.8308176886404737
42.218 3.512466347075743
47.513 4.03232892804699
51.71 3.822247848537005
56.415 3.6843544736280163
61.209 3.4138460251046028
66.303 3.166924699890869
71.913 2.7383741140215716
78.527 2.4607318789584802
81.415 2.4551633629528364
84.422 2.454277006434135
87.423 2.138230387288977
91.526 2.0865414516683867
94.522 2.204016992353441
98.117 2.8859475046210723
100.916 2.8885622157916497
103.605 2.890092354277063
106.318 2.4817721696459865
109.225 1.8879945292910874
113.724 1.8883018173452957
118.126 1.889300975731799
122.223 1.8281178683385582
125.525 1.8036742733605573
129.823 1.9823616034905918
133.617 3.1411881856540087
136.305 1.56830326558575
140.739 1.3357289460824238
146.931 1.5369694342076738
151.627 2.109877064717032
155.422 2.065128398384926
159.223 1.902763865342698
163.426 1.9042521489971347
167.022 1.9643051929213808
170.522 2.0104070499370543
