0.022 1.6698140068886338
1.024 1.681945945945946
1.828 1.6824902255639096
2.623 1.6940817438692097
3.431 2.059111811023622
4.125 2.142582413908392
7.221 2.213973105134474
10.614 2.3041542639869634
14.416 1.4777266623348493
19.139 1.2154786367414796
25.232 1.6778736889087256
29.827 1.5351231959841036
34.718 1.8043849452120058
39.208 2.0452964972866305
43.321 1.8546975169300226
46.923 1.850967418546366
51.028 1.650931461049816
54.129 1.3051596979185853
59.644 1.1384042645151995
66.642 1.615662439877569
71.327 1.9189755178907721
75.122 1.500461024936187
80.329 1.3732104712041884
81.33 1.3851974842767294
82.24 1.353654913023037
84.437 1.2500411522633745
86.962 1.1657248459958933
89.941 1.420842351838838
94.323 1.6162791277258566
99.226 1.8980034038414784
103.425 1.7815991840897503
107.426 1.8111062618595823
111.725 1.8414814044213266
115.621 2.3135843575418993
119.316 2.052112
123.61 1.7709981238273922
127.925 1.7554774232390127
131.323 1.6398113125136493
136.023 1.5025465068210002
140.933 1.646310482087572
145.519 1.7727413526071243
149.523 1.7208898216159496
154.433 1.197439621685526
160.488 1.0002279845956354
168.334 1.2617563739376771
169.539 1.2690901883052528
170.635 0.6133450671607226
175.057 0.9613068094873757
177.735 1.463639742673338
