0.029 1.5723329729729731
1.03 1.5855286624203822
1.939 1.5736371308016879
2.728 1.5860408163265307
3.628 1.577244873341375
4.535 1.5555007473841553
7.333 1.2563510232396808
13.238 1.224580831408776
20.234 1.2077649141440963
26.036 1.2322777684139559
32.036 1.2299283494192705
38.417 1.2127999999999999
39.538 1.212033930254477
40.74 1.2077313182199831
42.051 1.254173023255814
44.343 1.2146973684210527
50.542 1.196965175669401
57.14 1.189876070528967
63.236 1.1981294920394239
69.935 1.272063205417607
71.118 1.2689818913480886
72.237 1.2612347652347653
73.515 1.245573033707865
76.24 1.197387897257292
78.637 1.1990999833082958
84.736 1.185972835869743
90.935 1.2769150481838398
97.841 1.1844514743214216
103.041 1.208257102934327
109.723 1.2523445378151261
110.734 1.2444347826086957
111.834 1.2461958456973294
112.932 1.230728785357737
115.434 1.2027297887836854
118.24 1.1717984296930763
125.335 1.2367402554864069
131.536 1.2350055061414655
136.337 1.2040885182809493
142.64 1.2295872801082544
148.637 1.2383157894736843
149.745 1.1448201160541587
150.843 1.124283625730994
153.642 1.247064935064935
156.14 1.2919115696389094
158.941 1.2154550063371357
165.341 1.2092522702785902
171.935 1.2291178102459774
177.437 1.262296793437733
182.937 1.3039738704409363
