0.015 3.0683713080168777
0.617 3.088436724565757
1.12 3.017737634408602
2.112 3.025558852621167
3.213 3.023404958677686
4.417 3.086928709055877
6.614 3.263117117117117
8.911 3.39763556267521
11.515 3.577061561888188
16.214 3.6572408851422553
21.013 3.671489864864865
25.814 3.433976316864026
30.81 3.696299456294437
35.712 3.5073233140655105
41.014 3.3605345622119818
45.912 3.3997757156959527
51.303 3.037730016583748
57.418 3.0463078245915733
59.813 2.8912052689352357
62.614 2.826019120458891
65.315 2.8866175637393767
67.91 3.6200132638559928
70.112 3.60867101584343
72.312 3.5680612244897962
74.312 3.4771577928363993
76.604 3.5337490558120015
81.412 3.601710956587108
86.815 3.705116016909347
91.214 3.8908434723171568
95.711 3.5609049773755657
100.617 3.348958795562599
105.713 3.5834861313868616
110.616 3.6223583384996902
115.514 3.5039433058800995
121.001 3.4782019593067073
126.413 4.778931178601281
130.111 6.856360714285715
132.408 4.520983157894737
136.31 4.298907076303197
140.416 4.093695755841678
144.713 4.0180867079561695
149.011 3.9891732481168685
153.511 4.006472504130281
158.003 4.4459844728274485
162.114 4.4455020920502095
166.011 4.244697213037317
170.313 4.212975295381311
174.111 4.23485531810366
178.315 4.252600667408231
