0.069 0.5613307603241992
2.789 0.5609013068949978
5.181 0.5591484257871064
7.29 0.5657215650591447
9.683 0.623824427480916
11.87 0.6664327176781003
13.471 0.9318844984802431
14.852 0.9271946666666666
16.459 0.9346356589147287
17.866 1.2130585697693712
24.016 1.6597245033112584
28.636 1.4794243096149968
33.73 1.3952492171670658
39.24 1.248551724137931
45.938 1.27656787725772
51.237 1.289793922458959
57.032 1.2530123136746598
63.344 1.2037242757242756
64.436 1.201700272479564
65.637 1.3449260143198092
66.547 1.3483541212385521
68.932 1.3659914602903502
71.339 1.2721899485555996
73.939 1.281311835837303
79.536 1.1995004174319586
85.643 1.1977326061807967
91.841 1.1214572916666665
99.629 1.3491049822064058
104.239 1.2674892508143323
110.431 1.2383388324873097
116.835 1.2873962264150944
119.135 1.2961975308641975
120.238 1.2436620428751575
122.738 1.1973919413919414
123.941 1.190613729128015
126.738 1.297197158081705
129.137 1.2549378093393586
133.841 1.240491657029572
140.037 1.2358585515130909
146.034 1.2511959663865546
152.038 1.2165810451727193
157.741 1.1918662790697674
164.742 1.1976082474226806
165.835 1.1822435677530019
167.145 1.3355213389121339
169.63 1.3394693877551018
172.04 1.2272585727525487
174.336 1.1655982096746427
180.238 1.285430641266434
