0.165 0.30872596051793677
5.031 0.5743608675588371
7.384 0.6501196978500872
9.273 0.5918400761542123
11.482 0.5623810752688172
14.01 0.5901355140186916
15.881 0.653013844515442
17.869 0.6544903529411765
20.147 0.9599363057324841
21.569 0.31438041594454075
31.115 0.2856797583081571
35.385 0.28198284424379233
40.091 0.3252321699544765
44.123 1.6922447058823529
45.022 1.6905780564263322
46.73 0.6982936896807721
53.667 0.30181049016546985
79.557 0.319355420090114
83.561 0.31842888086642596
87.986 0.32498500576701267
91.78 0.3300282574568289
95.854 0.3300643137254902
99.859 0.36570440602342447
103.586 0.6050725274725275
105.589 0.5986904640489545
107.69 0.6030871694417237
109.894 1.0284155477031802
111.447 1.059880810488677
112.343 1.0566122098022357
113.643 0.6090218589621745
119.087 0.5384215476699444
121.655 0.317596168389211
125.851 0.3177934842628382
129.663 0.3174440398154892
133.973 0.5630392464678179
136.672 0.7240022637238257
138.573 0.6609655172413793
142.572 0.529863524098511
157.041 0.6784432686654909
158.867 0.671476217123671
160.779 0.553668849391955
163.102 0.5375076795350768
165.691 0.5436031820308844
167.985 0.35090552441953565
178.188 0.31875
182.569 0.3228232400860744
192.496 0.5801983122362869
194.75 0.5762579075425791
196.583 0.5761128928800513
