0.053 0.8455860465116279
1.845 0.8472702518720218
3.443 0.8482608036391206
4.848 0.8464642614023145
6.446 0.8408591639871382
8.144 0.8497157275021026
9.448 0.847519004837595
11.047 0.8439271844660194
12.868 0.8362132614290968
21.126 1.1450436961628818
27.623 1.0327681318681319
35.049 1.09822295376328
41.834 1.3526512035010942
44.222 1.478322713257965
45.318 1.6672738095238095
46.122 1.784233861144945
47.82 1.7181405706332638
50.826 0.41386087261258103
68.018 1.501784335981839
69.019 1.5027306666666667
69.818 0.9231049566455286
77.831 0.6733312
79.868 0.7285644444444445
81.758 0.8286170052671181
83.251 0.8840602409638555
84.744 1.0142237061769617
87.826 1.043595298679268
96.217 1.222405481660621
101.347 0.47183121134958167
118.013 0.5905061911837544
120.34 0.5871179487179488
122.671 0.58709412861137
124.982 0.9358113821138211
126.341 0.9427195385724585
127.843 0.9746974483596598
131.244 0.9304087272727272
132.75 1.184738007380074
135.022 1.07636123853211
142.136 1.3524316279069768
147.621 0.3802735863513307
167.451 0.33363697857948144
171.236 0.3308267756770567
175.341 0.3828872775214239
178.534 0.3774633077765608
182.441 0.3653814602132896
186.331 0.358586390366844
190.166 0.358791911285062
193.428 0.3703549648162627
196.364 0.3697653355290243
