0.017 2.625285198555957
0.626 2.5858346839546194
1.92 2.645049645390071
2.423 2.5747811447811446
3.721 2.750390731964192
5.718 3.353461015175301
7.712 3.4512243925678896
9.915 3.4884440789473685
12.414 3.587099894847529
14.412 3.7589223650385604
16.418 3.35938485316847
21.711 4.2678548591727985
25.709 4.199502019482063
30.012 3.9256001725253395
34.709 3.8704926417370324
38.913 3.033802677942213
44.711 3.049868797868798
50.812 3.683455399061033
55.603 3.685087741132545
60.513 3.7443211805555556
65.212 3.745279779664907
69.61 3.6594686843211433
74.413 3.6358527004909984
79.411 3.503127677806341
84.11 3.383814313346228
89.313 3.2836513940339245
94.515 3.101473532589125
97.412 3.1073647540983607
99.413 3.104261667331472
102.01 3.1052060461416073
104.611 2.2147169572107765
107.818 2.215793383633198
111.316 2.2147313106036908
114.624 2.2151997860390478
118.61 2.8570998955795335
121.509 4.3474588370754175
123.31 4.348766592095451
124.71 4.355392111368909
126.509 3.8292866756393
131.012 3.369766437684004
136.216 3.4083507779349365
141.212 3.7215860306643953
146.013 3.7581191056010623
150.611 4.064289377289377
155.01 4.068836764001914
159.313 3.359889325107497
164.903 3.3134361140443507
169.709 3.846518518518519
174.313 3.989309217391304
