0.007 4.646670926517572
0.408 4.696754716981133
0.707 4.7010756302521015
1.008 4.613634992458522
1.715 4.5933133640553
3.506 3.5153395501919915
5.413 3.4634312441534143
8.717 2.2460924359445875
16.917 2.914008860535176
22.611 4.331904143784324
26.707 3.6445558583106266
31.517 2.9271869126348764
37.502 3.596774928774929
39.713 3.591005630142919
42.111 3.609246575342466
43.311 4.506015863331299
45.008 4.797672079622839
48.909 4.152241935483871
52.911 3.976232766338406
57.41 3.9240009097111663
61.911 4.421073963695476
65.707 5.258759287224403
69.107 5.258002366863905
72.609 3.906497849976111
77.104 3.864440026507621
81.713 4.038812470023981
86.009 4.4998131016670575
90.308 4.507538285714286
93.908 4.037095035460993
98.208 3.9267679745974142
102.707 3.970301550023485
107.008 4.840229859154929
110.608 4.8142246635539685
114.501 4.66685918367347
118.51 4.550726152329307
122.608 4.0798249286393915
126.909 4.0608799576943415
130.81 3.925002513136852
135.31 3.9270669427191165
139.71 4.488616993464052
143.608 4.49332125732552
147.411 4.498473101673102
151.602 4.501570936091222
155.409 4.694028556319408
159.308 4.748491620111732
163.008 4.556807302231237
167.009 4.412013498312711
170.609 4.769044536652836
174.308 5.297581524249423
