0.115 0.4405961829748561
3.631 0.4424600071098471
6.607 0.4399748328745576
9.312 0.4421963015647226
12.314 0.43936021505376344
15.506 0.44467957746478876
17.913 0.5412003530450132
20.288 0.5794966666666667
22.778 0.6620977484898408
24.781 0.664778972520908
26.582 0.6307504168982768
28.655 0.4894921630094044
31.432 0.4350837449741528
49.025 0.5006641141663767
52.091 0.6395022831050228
53.977 0.6230315315315316
55.897 0.5565060591371789
58.097 0.55322681359045
60.407 0.2827191774854056
72.126 0.315434648754548
76.12 0.3321137440758294
80.196 0.34011206896551727
84.155 0.3684787861758921
87.943 0.3706603837091888
91.162 0.34662887511071744
94.774 0.3195391800726518
98.853 0.316831700413673
103.67 0.3281328413284133
106.528 0.40502307185234016
109.86 0.405107713217805
113.041 0.40145616831367553
116.327 0.2600421052631579
121.426 0.23244103392568657
126.632 0.2361907514450867
132.258 0.9469465346534653
133.85 0.940670588235294
135.35 0.9392328278322927
136.553 0.9051897810218978
137.935 0.8911444015444014
139.353 0.8948008948545861
140.855 0.8429605989934945
149.198 0.7124893561560518
160.899 0.5683365949119373
163.095 0.5601365298659082
165.685 0.5637974683544305
168.192 0.8369359477124183
169.868 0.8397374045801527
171.261 0.875559581881533
174.261 0.8837427708243418
