0.02 2.3648910569105692
0.717 2.3935384615384616
1.329 2.34656856187291
2.619 2.386671785028791
3.221 2.3434078291814946
4.723 2.338002188982123
7.525 2.4766222222222223
10.514 2.626593188854489
13.811 2.737826645264848
16.415 2.734145100972326
19.214 2.756067448680352
22.014 2.769593962264151
24.718 2.793070796460177
27.707 2.7519522071025557
30.814 2.7594659949622162
33.325 2.7346139431475307
39.714 2.6276735045187207
46.825 2.405269489051095
53.714 2.6905661063153112
60.419 2.654844129866133
67.022 2.647673348181143
69.818 2.6729094088842253
72.904 2.669496035849707
75.923 2.683335
77.619 2.686540014958863
80.42 2.683258052573121
83.218 2.6781069651741296
86.518 2.6603403508771932
88.917 2.657918032786885
91.92 2.679879162375558
94.92 2.7083069767441863
97.614 2.7102233438485803
104.016 2.723945920745921
110.521 2.7006330085621495
117.414 2.707081524926686
124.318 2.6782610868207373
130.822 2.6800073529411765
133.12 2.6495045871559633
136.019 2.6482040072859747
138.816 2.6711933979189095
141.72 2.709112426035503
144.318 2.7062838283828383
147.416 2.6866388783630164
150.123 2.6103102177554436
153.41 2.6095074829931972
156.413 2.664127500847745
159.415 2.7092702812882186
161.919 2.584334582521361
168.723 2.4413077905491702
