0.019 2.469283531409168
0.721 2.5043058350100607
1.32 2.475345132743363
1.825 2.45099358974359
3.121 2.4570805970149254
4.519 2.44225
7.22 2.4448599392507595
10.318 3.444537555826228
12.907 4.421687621516527
14.51 4.29307339988256
16.308 3.950062698773285
20.813 3.8772743199631168
25.213 4.154101997649824
29.514 3.69979837398374
34.512 3.3250138860103626
39.415 3.645187129551228
44.211 4.442763036623817
48.416 4.377283740701381
52.5 4.544847275518036
56.512 4.865716864072194
60.11 4.758875473899096
63.61 4.198638051603568
67.812 4.375196454948301
71.912 4.4838497395119274
75.612 4.5677075718015665
79.511 4.505577314071696
83.312 4.473553688141924
87.899 4.64011294117647
91.407 4.56479871692061
95.21 4.463294663573086
99.209 4.509347559349159
103.014 4.53013867650936
106.911 4.568306489444879
110.812 4.602286289308177
114.909 4.724231320368475
118.91 4.81110350631136
122.7 4.7800336134453785
126.013 4.743162893429044
129.711 4.744569205113952
133.414 4.744117159436309
137.111 4.681634193727449
140.814 4.517076247092271
144.812 4.402340248962656
148.711 4.2582911969297195
153.015 4.374575398867731
157.2 4.164051899907322
161.612 4.123290407358739
165.51 4.353559595959596
169.511 4.595057692307693
