0.01 4.155451428571428
0.415 4.106718146718146
1.311 4.097074452554744
2.109 4.0948326639892905
2.913 4.091324781939456
4.911 3.004436943272386
7.114 3.6828266395526184
9.109 4.086655105973025
11.312 3.8755012962526516
15.61 3.708828382132934
20.413 2.9753894592744694
26.316 2.978504692757216
32.012 2.976208789358478
38.015 2.9804572250179726
40.911 2.9877490909090905
43.21 2.985189975747777
45.718 3.3510272395394556
49.31 4.197696682464455
51.11 4.052135384615385
53.11 3.905940803382664
55.11 3.957842347804996
59.31 4.018405723517193
63.711 4.040020004546488
68.21 3.971005342399223
72.412 3.8850366422385076
77.008 4.132968834355828
81.211 3.953115511551155
86.111 3.9274045307443366
90.402 4.01809694117647
94.711 4.03381174277726
99.111 3.914226441305858
103.51 4.007186567164179
107.91 4.028635256262928
112.31 3.9683488069414317
117.012 4.0372394489394265
121.709 3.6338101694915252
126.514 3.9199203675344565
130.703 3.9439247015610652
135.11 3.841350135013501
139.614 3.992781395348837
144.01 4.005682260745666
148.312 3.637162955254943
153.21 4.007418319169028
157.513 4.032897773739209
162.015 3.63861301369863
166.813 4.032319497419789
171.503 3.6759887535145266
175.815 3.764213100436681
180.512 3.9549186206896554
