0.012 3.3981495327102804
0.511 3.400655737704918
0.912 3.4111463414634144
1.314 3.3539912280701754
2.316 3.3480717948717946
3.914 2.5976749087961086
6.415 2.3535152696556207
9.616 2.355329261521377
13.319 2.473772298767223
16.116 2.608313949339993
19.014 2.365068260459264
22.323 1.8302802992518703
26.42 2.1810561474229773
30.204 2.6049739239710967
33.512 2.9877490909090905
35.808 3.814752066115702
37.813 4.156458361697299
42.309 4.3086025104602514
46.21 2.3502854874983465
53.82 2.4832803684513527
60.816 2.4446717602996255
67.62 2.190708605938601
75.808 2.094727616986746
79.623 2.0950868783702816
83.017 2.3850624169986716
86.116 2.729747645951036
88.812 2.6673248683803035
92.12 2.8133469387755103
94.31 4.416790011350738
96.108 4.412938383267383
97.91 3.6795323854660347
99.916 3.182592331913317
105.415 3.18238779956427
111.015 2.0569021812457837
120.017 2.1994769560557343
123.828 1.6243355560335555
128.526 1.8763500643500644
131.714 2.4442369791666665
134.814 2.5214429413805064
137.818 2.535632152588556
140.826 2.073550724637681
144.21 2.8985648639095087
147.306 2.898626328699918
149.813 3.2547101086048458
152.308 3.9916503642039545
154.32 2.6133558237603607
161.315 2.608332502078138
167.416 2.0048954529596466
176.111 2.8630214677983026
