0.088 0.5494552323384965
2.89 0.5539118825100133
5.292 0.5533412462908012
7.492 0.6226619929894842
9.619 1.56778896882494
10.525 1.3616064690026954
11.34 1.3524141898370088
13.522 2.2438233271621266
17.436 1.2472877513711151
23.028 2.0124150839526562
26.713 1.9224116594221428
30.721 1.5869024864864865
35.421 1.5071245523278949
40.531 1.2843296158612143
47.13 1.526840418118467
51.708 1.669385171790235
56.224 1.561080339119903
61.221 1.708635640221847
65.419 1.980366917293233
69.516 2.0567881992763706
73.217 2.079542857142857
76.717 2.1672853091321613
80.313 2.0918984332793085
84.117 2.1153660012099214
87.705 2.154065367316342
91.115 2.1191461988304097
94.622 2.090483495145631
98.825 2.075120082107424
101.818 1.9873299284984678
105.814 2.006293497815472
109.823 1.9265045492142268
113.525 1.7528980716253444
118.016 2.0086513475177306
121.802 1.8488017857142856
126.43 1.5734038719570635
131.716 1.6194587175638
136.426 1.9361540504648074
139.514 1.7822682174222644
143.851 0.9516062311820919
151.653 0.9700310366232154
154.929 1.5616675461741425
155.828 1.6349191919191919
156.72 1.8984336734693876
158.426 1.5351348511383538
160.843 1.1319317467444994
165.434 2.012941839610556
169.409 3.6236859323882227
171.31 3.4901855670103092
173.31 3.237027027027027
