0.088 0.5006567986230637
3.21 0.5041069258809234
5.8 0.5042163136547995
8.212 0.5030161812297734
10.901 0.499822629969419
13.71 0.7494896142433235
15.152 1.0011102040816326
16.426 1.9451636363636364
17.228 1.8262170179547228
19.918 1.802984956843403
24.028 0.9860396065573771
31.727 0.6630611618032343
43.033 0.4042653253693807
46.426 0.43934270006108733
49.916 0.4727459915611814
52.507 0.5163341110592626
54.814 0.7240150489089541
58.92 2.23964312267658
59.523 0.9407851551174253
63.096 0.6905934024857491
74.134 0.8889133192389006
75.647 0.8972963752665245
77.149 1.0056871165644172
78.548 0.7465798045602606
82.555 0.4617841218925421
89.023 0.4233588850174216
96.427 0.4526307931570762
99.801 0.503533408833522
101.657 0.8121877065432915
103.432 0.893727136431784
104.847 1.0256778811739442
107.749 0.8878780149708899
111.422 2.1672776247321703
114.818 1.0092155477031801
123.165 0.7725598117647059
133.921 1.3509102428722282
134.956 0.9766975881261595
136.148 0.9793563672260612
137.249 0.6124273573452045
142.436 0.6507266291900895
147.325 1.797222366710013
148.92 1.95428208386277
150.662 1.0444961697112551
157.588 0.49857793703608905
173.357 0.9285615010423905
174.953 0.5308922056384743
177.518 0.4459083907580057
180.121 0.44310944808231995
182.443 0.3937571240683911
