0.094 0.39160150780829295
4.033 0.3941228625712477
7.438 0.3927188487188487
10.535 0.39387266392144443
13.947 0.3910095693779904
17.539 0.39357693805999217
20.322 0.3923096609085093
23.635 0.4355753210147197
27.027 0.4434277307833763
29.915 0.45833607907742996
32.502 0.46908639933856966
35.218 1.1025454545454545
36.439 1.1028885077186965
37.758 1.2271440677966101
40.746 1.2334486770501032
46.134 1.2837406570484964
52.045 0.6651980044727335
63.75 1.03962726488352
65.049 0.7582074498567335
67.007 0.4904473455178416
69.649 0.4885236250968242
72.404 0.8828643356643356
73.944 1.038044559250888
77.192 0.554627949183303
82.302 0.6548594348222425
93.35 1.0840704225352114
94.542 1.1476403785488958
95.949 1.1904149933065595
96.841 1.4312636282394995
99.128 1.223587460815047
105.705 0.4618873611845584
121.022 0.5637154362416108
123.386 0.5636865817825661
125.599 0.5302319545823195
128.209 0.5017922350472194
131.212 0.5052575039494471
133.912 0.5804546892655367
138.48 0.5038355687162516
144.406 0.4523841630733046
147.275 0.4638299188248937
150.032 0.4825699143905422
152.61 0.47500220102714596
155.511 0.5055178416013925
158.002 0.5378447132266875
160.856 0.47154616634658
167.824 0.4308586810228802
171.028 0.48567593818984545
173.468 0.7640064516129033
174.867 0.7541922651933702
