0.037 1.238848381601363
1.338 1.2572121212121212
2.436 1.252918253079507
3.436 1.2547487386478307
4.534 1.245272380952381
5.749 1.2774496240601505
7.838 1.550539383561644
12.629 1.488925236925237
18.432 1.469451647641611
23.137 1.3939187797902763
28.528 1.380564083731179
34.033 1.3609167439273133
39.527 1.3812760472610095
40.528 1.3777854406130268
41.635 1.3722503816793894
43.732 1.380183143337694
49.234 1.394948051948052
54.835 1.3964745762711863
60.037 1.3665970252507782
65.931 1.3582135636831465
71.433 1.359411473222794
76.74 1.3483719912472647
80.537 1.3775378151260504
81.63 1.3957313054499365
82.533 1.3658557874762807
84.728 1.3560714285714286
87.029 1.352222310440651
89.634 1.3612154398563734
94.236 1.3558160278745646
100.033 1.369559298245614
105.835 1.3623380775979723
111.032 1.3775255276925853
116.634 1.3727212097712294
121.936 1.343274732403503
128.243 1.322876390008058
134.532 1.3930796375774916
136.732 1.3913932827735644
138.629 1.3919730510105872
140.837 1.3953969571230982
143.133 1.4002867383512543
145.433 1.3815328907664455
150.533 1.3619066600232521
156.637 1.3904765640321632
161.828 1.4003910855499642
167.535 1.3471381913959612
173.333 1.3113857452845936
179.443 1.2021897412619156
181.736 1.1400336943441636
182.654 0.9745987624940504
