0.042 0.9893931972789115
1.648 0.9965092073658928
3.044 0.9857762114537445
4.253 1.006846963562753
5.643 1.015167701863354
7.05 1.0215490394337714
8.142 1.0211157368859285
9.462 1.004843775909037
18.045 1.0094191448439118
24.946 0.9862544179144745
32.454 1.0179463850528025
40.129 1.0289818780889621
41.448 1.0287744
42.851 1.0179815994338286
44.357 1.0295807560137458
47.046 1.028691011235955
50.046 1.029475035663338
52.942 1.0254286541244573
59.943 1.0295327687296416
67.743 1.0523323996265175
69.129 1.0528948247078465
70.443 1.052957464553795
71.746 1.055890499194847
73.045 1.0406356413166857
75.85 1.0328983465133
83.137 1.0230773574251835
90.346 1.035191346153846
98.744 1.0357882513661203
104.749 1.0389776192020759
108.125 1.0069527027027028
109.454 1.0018838504375498
111.027 0.9899771251931994
114.346 0.9928429530201343
117.448 0.9797377632749926
120.953 0.9782634146341463
124.355 0.951554435483871
132.456 0.9536706459525757
138.654 0.9765503966705684
146.632 1.054873857404022
147.853 1.0516459246275196
149.145 1.0588050089445438
150.344 1.0510194805194806
151.645 1.0393659217877096
154.647 1.040738498070644
158.16 1.0371577864636907
163.151 1.0353863995782815
170.852 1.0284493964716805
177.452 1.013010173548773
184.25 1.014870056497175
