0.026 1.7438944844124702
0.923 1.7579661016949153
1.728 1.7619779527559056
2.421 1.7637673758865249
3.231 1.7301565948502364
5.231 2.1657532950321055
8.31 3.4381205505457997
10.512 3.2819713733075435
13.213 2.74996533655784
15.821 2.5816045197740114
18.716 2.853340417457306
21.416 2.6611399564902105
24.216 2.769582449725777
27.201 2.566274218508202
30.517 2.76062494750105
33.015 2.7383611420096403
35.818 2.710687697160883
38.719 2.692172549019608
44.918 2.3754255916566387
52.52 2.63216353928299
59.119 2.741630376344086
65.115 2.680380541871921
71.905 2.5382523762700755
75.016 2.5039026136770497
77.917 2.590626758023801
80.816 2.6070071942446043
83.718 2.5748257100149474
87.117 2.5410875576036864
89.62 2.564212191103789
92.718 2.5704603226868623
95.818 2.5632545854732207
98.804 2.5233390614672837
101.919 2.549613381818182
108.923 2.4862854036422943
116.425 2.408963465553236
124.22 2.503515399211794
131.141 2.4573545430035053
134.918 2.2208506359065363
138.43 2.2360258382036293
141.82 2.587631560653459
145.004 2.5248529411764706
147.818 2.5145783501993257
151.12 2.5772591784805527
153.92 2.628804318488529
157.02 2.59889972899729
160.021 2.6040808750414315
163.118 2.6113320235756388
165.721 2.6193268858800773
168.419 2.5583903635958065
