0.01 3.8073507853403146
0.513 3.817914110429448
0.912 3.8581241379310347
1.31 3.7763456790123455
2.212 3.1985527476935416
4.815 2.357786607799853
7.619 1.910873120548668
11.52 2.0482607436021243
15.715 2.3230044262853253
18.719 1.746560917343526
23.022 2.039205858421481
26.823 1.8618528665651954
31.012 1.6406341780376867
35.729 1.918027295859357
40.121 2.1210222652468538
43.316 2.246155717761557
46.727 1.7301100671140939
51.327 1.8159179907739622
55.324 1.7377752364196173
59.928 1.603393360815795
64.625 1.9409066666666668
68.609 1.6398815450643776
73.331 1.7201705908485116
77.934 1.4551394090719934
82.82 2.0690691244239634
86.421 2.1166705607476635
89.917 2.2707070920116004
93.811 2.8503646616541354
96.018 2.1444982088729674
99.729 2.015097573567372
103.91 1.968845308537616
107.524 1.9414248665141112
111.525 1.9131305052688463
115.325 1.8409939986663704
119.918 1.7012327461139896
124.832 1.7714135585268591
129.224 2.1037864357864358
132.117 2.4813932584269662
135.214 2.2095197568389056
138.808 1.9741755502519225
142.619 2.0494180841539835
146.018 2.1750769230769227
149.921 1.9208994852343537
153.725 1.8770840761262346
157.922 1.8994681851943551
162.017 2.492548223350254
165.215 3.01535390199637
167.51 4.177026526835287
169.402 2.220018535681186
