0.024 1.986896174863388
0.824 2.0139805825242716
1.524 2.0051182795698925
2.13 1.9683655083655083
3.719 1.9715497005988025
5.531 2.038964047088769
8.714 3.1940564373897704
11.013 3.191834462001505
13.709 3.228899195456697
15.915 3.2962596934174933
18.215 3.4066841866787496
20.511 3.7426945436002037
22.513 3.4241968229368465
27.717 4.0059436619718305
32.313 4.010797999999999
36.409 4.02898081422555
40.812 3.65181658692185
45.91 4.197731464968153
49.912 4.019413574660634
54.41 3.7787630310994307
59.202 4.145880081300813
63.21 4.040787189603156
67.614 4.059398812243034
72.11 4.454535548896758
75.81 4.488024628014366
79.811 4.376779625779625
83.711 4.269259077745601
88.312 4.420393387503503
91.91 4.278855424705587
96.202 4.2475760549558395
100.312 4.389910153206959
104.209 4.500475641697224
108.11 2.814481695568401
114.416 3.652972843450479
119.51 4.060324609632724
124.112 4.168064155528554
128.311 3.961374258447253
132.314 3.9795543201297194
136.902 4.45600626468285
140.813 4.225685454097958
144.914 3.662959391965255
149.615 3.9468310749774163
154.113 4.0514138424821
158.413 4.105646623496762
162.813 4.120116335433834
167.013 4.037755111210964
171.513 3.865267307218527
175.804 3.948716445258818
180.213 4.515458267716536
