0.015 2.565093474426808
0.619 2.6038493723849374
1.219 2.578009216589862
1.718 2.5959415448851773
2.323 2.5444265842349303
3.715 2.5400174395560837
6.317 2.540904945633111
9.218 2.5355337716676627
12.618 2.776827024827025
15.114 2.9093131715081575
17.715 2.8544236902050115
20.414 2.831567901234568
23.114 2.813821693907875
26.101 2.812629579375848
29.115 2.8077949594190517
31.514 2.8038572513287776
34.219 2.8172119347892957
40.816 2.819800787266815
46.717 2.6647379631018446
53.517 2.784223333871228
59.815 2.790387140902873
65.719 2.772130552459799
72.116 2.8517406931964056
78.419 2.4546082257580304
85.227 2.399193758127438
89.918 2.865749308026888
92.516 2.8623436357593888
95.614 2.866529300567108
97.816 2.862222876057374
100.616 2.859519413919414
103.415 2.85201306122449
105.915 2.7887596785975166
108.719 2.791993690851735
111.503 2.8048195055875382
114.517 2.8373480815762187
117.518 2.8378564449455093
120.215 2.8213333333333335
122.319 2.8185795795795796
125.118 2.8153834237025563
127.818 2.7794981382548163
134.118 2.8268691134573487
140.219 2.8575160235448007
146.417 2.835380658092534
152.517 2.8094344041778765
158.916 2.824322977238744
165.018 2.8291364782138997
167.915 2.855969058874087
170.317 2.8509305263157896
172.817 2.856768038163387
