0.036 1.1179154496541124
1.444 1.1325204731574159
2.639 1.1313003033367037
3.747 1.1324735883424408
4.942 1.1252461273666092
6.241 1.1415954802259887
7.251 1.1566773267732677
9.852 1.0760903094875698
17.846 1.0592553951249806
24.443 1.0306038906117847
31.644 1.1464702653247942
38.525 1.191969465648855
39.642 1.236507692307692
40.74 1.1976752706078269
42.222 1.1713605560382276
44.637 1.1593636723387415
47.245 1.1726986721144024
48.339 1.1797722277722278
54.436 1.177068970653955
61.237 1.1322261375823504
67.845 1.1662576847612818
74.041 1.109121625544267
81.038 1.2256224299065421
82.246 1.1495114822546972
83.344 1.1484738731551656
85.939 1.203486529318542
88.544 1.1709343416981781
91.544 1.1767627118644068
93.554 1.160225378346915
97.942 1.1459906048150323
104.845 1.1566681013077305
110.936 1.1597241798298905
117.642 1.1455259666720594
123.945 1.1592474552474552
126.937 1.1768859721082854
128.247 1.0705539748953974
129.546 1.0531004510045099
132.041 1.118963249516441
134.737 1.1582727852135117
141.136 1.1509919604205319
147.746 1.1657783058903413
153.739 1.1554234183457799
161.125 1.1865985699693564
162.244 1.1593742640874685
163.538 1.1659685863874345
164.737 1.1489540481400438
167.541 1.152992599042229
169.942 1.1522216993464054
173.839 1.1571980676328504
