0.015 3.030016666666667
0.615 3.0357073170731708
1.113 2.9951931696905016
2.114 2.9929941291585127
3.212 2.998622950819672
4.413 2.982067938576082
6.613 2.6949851190476193
9.423 1.9017924232234924
14.011 3.128227418615314
16.309 3.180123531970422
18.715 3.211683895771038
21.109 3.719931069437405
23.111 3.9604983195160206
27.608 4.0505135736537605
32.209 4.006791208791209
36.311 3.8644219030520643
40.809 3.8074229889835793
45.71 3.5755416666666666
50.413 3.57965101752972
55.41 3.5900607573866
60.501 3.7590840820087537
64.912 3.8326550737398195
69.512 3.685617586063874
74.414 4.652233285917497
78.007 4.724364029165541
81.811 3.720311022752375
86.413 3.719135261013002
91.611 4.427837215829357
95.208 4.236395931530637
99.504 3.0740625
105.209 3.3709958125623127
110.308 4.035419445749178
114.612 3.254473078351281
120.115 3.0206535375638217
122.911 2.7162303110522834
126.014 2.7183354931605472
128.914 2.711155741515574
131.111 2.6951529073941134
134.015 2.697335807050093
136.815 2.6983022834360275
139.612 4.407958921694481
141.208 4.533480674448768
145.106 5.175434146341463
148.507 5.866760079312624
151.604 4.4143339392365615
155.511 3.912921402133682
160.21 3.9479416205334674
164.311 4.35686024766237
168.311 4.3792531500572744
