0.013 3.2905158371040724
0.517 3.3102127659574467
1.018 3.248259259259259
1.916 3.324748663101604
2.415 3.263119920713578
3.511 3.239870576339737
5.613 3.3662267657992566
7.814 3.3311592727272727
13.413 3.4080315025906733
18.314 3.5502471358428807
23.311 3.5486073469387756
28.312 3.694994727592267
32.914 3.7833270547945204
37.71 3.7501046559538525
42.609 3.6247609579755986
47.304 3.5777818408477042
52.212 3.6930467741935487
57.212 3.606851138353765
61.813 3.491707547169811
67.013 3.7024248496993986
69.108 3.705367272727273
71.112 3.8209239999999998
73.21 3.8605224327018943
75.312 3.8552370452039693
77.211 3.8416085561497324
79.11 3.8320473265073947
83.613 3.8191917098445596
88.709 3.742914353499407
93.013 3.5621426783479353
97.911 3.6242662759053803
102.812 3.543396352965835
107.713 3.4995551934826885
112.712 3.5875137126483834
117.904 3.6632134561473766
123.013 3.756316581892167
128.012 3.665651634964736
132.811 3.623937706465314
137.114 3.6001123218776194
142.015 3.589787654320988
144.112 3.615646430305974
146.21 3.7042071197411004
148.11 3.708747173224785
150.413 3.643391572456321
152.415 3.598972748267898
154.614 3.6000847098686997
159.413 3.6707614379084967
164.416 3.6614049008168026
168.813 3.6211081705524046
173.609 3.596507996237065
